92287 0.61 0.53 0.3 0.46 0.82 0.25 
41888 0.43 0.6 0.49 0.62 0.72 0.37 
30490 0.37 0.64 0.23 0.54 0.56 0.38 
100988 0.68 0.29 0.58 0.34 0.43 0.57 
81489 0.66 0.52 0.8 0.34 0.66 0.65 
91889 0.57 0.56 0.58 0.34 0.59 0.52 
91389 0.61 0.51 0.66 0.38 0.67 0.52 
51487 0.49 0.44 0.4 0.38 0.75 0.3 
10489 0.33 0.48 0.2 0.58 0.8 0.16 
91590 0.65 0.38 0.56 0.38 0.68 0.43 
110390 0.45 0.35 0.48 0.62 0.16 0.54 
122587 0.1 0.41 0.37 0.58 0.16 0.4 
71888 0.63 0.51 0.69 0.46 0.69 0.55 
31690 0.5 0.4 0.48 0.62 0.19 0.6 
90289 0.58 0.58 0.71 0.38 0.68 0.54 
22288 0.35 0.37 0.44 0.46 0.69 0.28 
13188 0.33 0.4 0.28 0.5 0.61 0.27 
32989 0.43 0.51 0.66 0.66 0.72 0.43 
121890 0.31 0.47 0.36 0.62 0.49 0.35 
80488 0.64 0.52 0.6 0.46 0.69 0.51 
22687 0.25 0.61 0.44 0.38 0.52 0.38 
20787 0.63 0.57 0.25 0.54 0.12 0.76 
51690 0.48 0.49 0.64 0.5 0.63 0.48 
122887 0.2 0.25 0.19 0.74 0.42 0.23 
100488 0.53 0.38 0.35 0.46 0.79 0.24 
72188 0.72 0.54 0.4 0.54 0.7 0.39 
81390 0.62 0.61 0.35 0.42 0.73 0.35 
82888 0.66 0.56 0.68 0.26 0.7 0.55 
12188 0.25 0.31 0.37 0.74 0.44 0.31 
112088 0.29 0.37 0.42 0.66 0.35 0.37 
112287 0.41 0.35 0.39 0.42 0.64 0.28 
81387 0.56 0.57 0.34 0.38 0.76 0.3 
92590 0.62 0.58 0.6 0.5 0.65 0.52 
100789 0.57 0.57 0.55 0.5 0.72 0.41 
121788 0.32 0.29 0.32 0.78 0.66 0.21 
12890 0.39 0.37 0.43 0.66 0.16 0.55 
62288 0.53 0.66 0.65 0.34 0.69 0.51 
102888 0.5 0.47 0.43 0.5 0.56 0.42 
30489 0.28 0.47 0.53 0.66 0.39 0.44 
30387 0.42 0.28 0.55 0.66 0.46 0.39 
81989 0.62 0.54 0.68 0.46 0.6 0.62 
10689 0.24 0.85 0.33 0.7 0.46 0.43 
71187 0.56 0.54 0.8 0.42 0.58 0.68 
71990 0.72 0.55 0.86 0.26 0.63 0.76 
90688 0.75 0.52 0.73 0.18 0.6 0.67 
12687 0.45 0.37 0.41 0.66 0.36 0.41 
40687 0.43 0.52 0.72 0.5 0.64 0.52 
111589 0.49 0.39 0.38 0.54 0.53 0.38 
10887 0.28 0.41 0.36 0.82 0.55 0.29 
32988 0.53 0.42 0.7 0.5 0.25 0.75 
60490 0.63 0.42 0.87 0.3 0.58 0.71 
112389 0.45 0.42 0.31 0.5 0.68 0.27 
101988 0.58 0.55 0.31 0.46 0.75 0.3 
30888 0.41 0.59 0.62 0.74 0.63 0.42 
72089 0.63 0.49 0.64 0.3 0.74 0.47 
51489 0.44 0.58 0.42 0.38 0.61 0.4 
81187 0.64 0.51 0.78 0.42 0.65 0.66 
70290 0.65 0.53 0.84 0.34 0.65 0.69 
90989 0.55 0.59 0.66 0.38 0.66 0.51 
80787 0.63 0.49 0.72 0.34 0.67 0.58 
30988 0.36 0.46 0.43 0.74 0.75 0.25 
91490 0.62 0.44 0.5 0.42 0.75 0.38 
40887 0.58 0.39 0.76 0.46 0.42 0.72 
72589 0.61 0.5 0.73 0.38 0.67 0.57 
80190 0.61 0.51 0.82 0.38 0.62 0.69 
32689 0.34 0.86 0.53 0.38 0.54 0.53 
30388 0.36 0.48 0.48 0.58 0.71 0.3 
90988 0.64 0.51 0.62 0.34 0.64 0.53 
61990 0.55 0.53 0.8 0.38 0.67 0.6 
71890 0.71 0.61 0.82 0.38 0.65 0.72 
52687 0.44 0.83 0.43 0.46 0.56 0.51 
62287 0.53 0.56 0.79 0.3 0.66 0.62 
61790 0.51 0.45 0.38 0.46 0.68 0.34 
70689 0.56 0.67 0.73 0.42 0.74 0.52 
40390 0.52 0.37 0.51 0.46 0.46 0.44 
120988 0.55 0.51 0.35 0.42 0.18 0.66 
71290 0.72 0.48 0.72 0.42 0.61 0.63 
121988 0.32 0.37 0.25 0.62 0.66 0.22 
111689 0.54 0.36 0.4 0.38 0.14 0.61 
43089 0.49 0.62 0.77 0.54 0.58 0.63 
42588 0.45 0.54 0.83 0.5 0.64 0.57 
90588 0.9 0.49 0.72 0.14 0.37 0.89 
40787 0.51 0.45 0.69 0.46 0.53 0.58 
53190 0.48 0.65 0.71 0.5 0.59 0.61 
33188 0.49 0.56 0.68 0.38 0.31 0.67 
121888 0.28 0.43 0.19 0.66 0.7 0.21 
20989 0.33 0.41 0.17 0.82 0.83 0.19 
120388 0.37 0.27 0.23 0.74 0.29 0.35 
100690 0.6 0.51 0.49 0.42 0.64 0.46 
83088 0.66 0.52 0.74 0.14 0.72 0.57 
13189 0.36 0.29 0.41 0.54 0.27 0.4 
40488 0.44 0.52 0.67 0.46 0.62 0.5 
72587 0.55 0.45 0.75 0.3 0.67 0.54 
100288 0.54 0.48 0.41 0.46 0.75 0.3 
21988 0.4 0.51 0.51 0.62 0.18 0.59 
32688 0.74 0.38 0.71 0.34 0.18 0.89 
90887 0.7 0.39 0.7 0.38 0.49 0.66 
22289 0.53 0.41 0.42 0.7 0.18 0.6 
62687 0.51 0.55 0.39 0.5 0.71 0.33 
11190 0.4 0.37 0.32 0.58 0.62 0.25 
82087 0.6 0.47 0.74 0.46 0.64 0.58 
32390 0.38 0.46 0.59 0.5 0.68 0.38 
33087 0.52 0.45 0.68 0.62 0.1 0.83 
123090 0.27 0.31 0.36 0.82 0.34 0.33 
11688 0.32 0.41 0.25 0.54 0.65 0.24 
101287 0.59 0.54 0.25 0.46 0.83 0.22 
51788 0.45 0.6 0.35 0.34 0.71 0.32 
40490 0.48 0.54 0.61 0.42 0.78 0.4 
62190 0.55 0.49 0.81 0.34 0.69 0.61 
112688 0.38 0.39 0.28 0.46 0.73 0.2 
113088 0.44 0.23 0.39 0.7 0.21 0.45 
11588 0.36 0.33 0.19 0.54 0.55 0.25 
80690 0.69 0.49 0.71 0.42 0.67 0.6 
21887 0.34 0.43 0.47 0.42 0.53 0.39 
70388 0.54 0.48 0.77 0.34 0.67 0.57 
71387 0.57 0.69 0.79 0.42 0.69 0.62 
22090 0.25 0.41 0.49 0.82 0.45 0.38 
81189 0.67 0.6 0.79 0.46 0.7 0.65 
11087 0.27 0.32 0.38 0.7 0.39 0.34 
62590 0.68 0.61 0.85 0.34 0.58 0.79 
113090 0.37 0.22 0.27 0.58 0.41 0.28 
123187 0.23 0.33 0.29 0.78 0.4 0.29 
10188 0.24 0.33 0.31 0.78 0.22 0.37 
101688 0.54 0.47 0.5 0.42 0.78 0.31 
62589 0.58 0.69 0.77 0.46 0.57 0.7 
122987 0.21 0.43 0.2 0.7 0.6 0.23 
12588 0.42 0.28 0.38 0.7 0.31 0.42 
61287 0.5 0.5 0.4 0.54 0.73 0.32 
102287 0.58 0.62 0.21 0.42 0.82 0.22 
110690 0.49 0.51 0.4 0.3 0.53 0.46 
120487 0.42 0.76 0.14 0.58 0.78 0.21 
52590 0.48 0.52 0.8 0.42 0.64 0.6 
100587 0.61 0.38 0.57 0.42 0.74 0.39 
51388 0.5 0.47 0.85 0.46 0.72 0.57 
60690 0.55 0.53 0.83 0.38 0.66 0.63 
111390 0.56 0.35 0.42 0.46 0.35 0.44 
41088 0.57 0.46 0.64 0.46 0.53 0.53 
51887 0.49 0.58 0.64 0.42 0.56 0.58 
90190 0.63 0.49 0.66 0.38 0.65 0.55 
32890 0.32 0.59 0.23 0.46 0.74 0.25 
42887 0.45 0.38 0.37 0.5 0.75 0.26 
111387 0.47 0.41 0.27 0.46 0.7 0.25 
92687 0.55 0.4 0.42 0.38 0.68 0.36 
10390 0.28 0.28 0.31 0.78 0.59 0.23 
111487 0.47 0.62 0.37 0.42 0.63 0.36 
91589 0.71 0.39 0.3 0.34 0.6 0.38 
121889 0.32 0.29 0.16 0.42 0.54 0.24 
81690 0.67 0.59 0.68 0.46 0.61 0.63 
30588 0.41 0.47 0.43 0.7 0.71 0.3 
82487 0.56 0.51 0.76 0.5 0.59 0.64 
70387 0.52 0.55 0.74 0.38 0.66 0.57 
112187 0.45 0.44 0.35 0.5 0.61 0.32 
50788 0.39 0.64 0.65 0.66 0.62 0.5 
31789 0.39 0.66 0.66 0.62 0.61 0.5 
91890 0.61 0.51 0.54 0.46 0.56 0.54 
52088 0.56 0.59 0.82 0.38 0.67 0.62 
121188 0.39 0.32 0.36 0.74 0.26 0.42 
91690 0.6 0.45 0.59 0.3 0.66 0.48 
12190 0.32 0.29 0.26 0.58 0.36 0.32 
51688 0.49 0.49 0.59 0.46 0.69 0.44 
70490 0.64 0.66 0.87 0.42 0.64 0.76 
41290 0.52 0.49 0.71 0.34 0.64 0.51 
123190 0.25 0.26 0.34 0.74 0.33 0.32 
90589 0.66 0.59 0.73 0.3 0.6 0.66 
30189 0.34 0.46 0.45 0.5 0.6 0.34 
50189 0.47 0.59 0.73 0.54 0.68 0.52 
82988 0.66 0.66 0.7 0.22 0.72 0.56 
50388 0.5 0.38 0.87 0.42 0.43 0.71 
11687 0.12 0.59 0.39 0.38 0.25 0.48 
100489 0.53 0.56 0.59 0.3 0.61 0.5 
101888 0.58 0.45 0.26 0.54 0.68 0.3 
51488 0.43 0.5 0.64 0.38 0.79 0.36 
13089 0.37 0.37 0.42 0.58 0.33 0.39 
102987 0.56 0.52 0.38 0.54 0.72 0.32 
20589 0.2 0.85 0.29 0.62 0.43 0.44 
100189 0.55 0.52 0.54 0.38 0.62 0.48 
80990 0.68 0.58 0.63 0.42 0.67 0.56 
42388 0.39 0.66 0.47 0.58 0.63 0.43 
100487 0.83 0.35 0.58 0.42 0.29 0.7 
60190 0.5 0.6 0.88 0.46 0.56 0.74 
12788 0.43 0.31 0.27 0.58 0.29 0.37 
40889 0.6 0.41 0.71 0.3 0.48 0.64 
91488 0.59 0.64 0.6 0.42 0.67 0.51 
62087 0.5 0.55 0.7 0.42 0.62 0.57 
12388 0.31 0.32 0.42 0.74 0.26 0.41 
22487 0.2 0.79 0.26 0.1 0.65 0.28 
41090 0.5 0.38 0.66 0.66 0.63 0.46 
80790 0.7 0.51 0.59 0.42 0.69 0.51 
120587 0.41 0.31 0.21 0.62 0.67 0.19 
11690 0.31 0.5 0.19 0.54 0.68 0.23 
100890 0.63 0.48 0.57 0.5 0.49 0.61 
11790 0.24 0.57 0.24 0.38 0.55 0.3 
81990 0.61 0.56 0.65 0.42 0.62 0.59 
82290 0.64 0.51 0.77 0.46 0.64 0.63 
70690 0.62 0.5 0.84 0.3 0.67 0.66 
122988 0.17 0.28 0.36 0.82 0.4 0.29 
20988 0.44 0.38 0.46 0.62 0.4 0.43 
31989 0.42 0.4 0.62 0.58 0.61 0.41 
90687 0.59 0.54 0.72 0.42 0.67 0.55 
80587 0.6 0.51 0.67 0.3 0.7 0.52 
22688 0.46 0.48 0.33 0.46 0.64 0.32 
30789 0.51 0.44 0.57 0.34 0.45 0.51 
62089 0.63 0.51 0.82 0.26 0.63 0.68 
72087 0.55 0.58 0.36 0.38 0.68 0.36 
110488 0.5 0.28 0.46 0.42 0.68 0.3 
101389 0.53 0.46 0.33 0.5 0.73 0.28 
72787 0.54 0.46 0.55 0.3 0.73 0.39 
50389 0.48 0.5 0.74 0.46 0.68 0.5 
81987 0.59 0.6 0.72 0.46 0.65 0.6 
92089 0.55 0.59 0.65 0.34 0.54 0.6 
101490 0.56 0.5 0.46 0.38 0.64 0.41 
31089 0.38 0.63 0.51 0.66 0.69 0.35 
102387 0.56 0.53 0.4 0.46 0.76 0.3 
71789 0.58 0.52 0.81 0.5 0.66 0.63 
50887 0.52 0.51 0.53 0.38 0.71 0.39 
42387 0.52 0.49 0.73 0.5 0.63 0.55 
31490 0.31 0.42 0.61 0.7 0.41 0.48 
50990 0.47 0.5 0.73 0.5 0.57 0.59 
60689 0.51 0.67 0.57 0.5 0.64 0.51 
21688 0.31 0.37 0.5 0.38 0.72 0.27 
111987 0.55 0.37 0.4 0.74 0.26 0.56 
81388 0.61 0.62 0.81 0.42 0.61 0.7 
21189 0.26 0.35 0.4 0.82 0.67 0.25 
30887 0.39 0.47 0.43 0.54 0.71 0.29 
92788 0.54 0.49 0.62 0.54 0.68 0.45 
110387 0.45 0.47 0.47 0.46 0.54 0.42 
110889 0.45 0.41 0.41 0.46 0.63 0.3 
52389 0.52 0.7 0.76 0.54 0.59 0.65 
70487 0.51 0.54 0.77 0.38 0.63 0.6 
62188 0.53 0.7 0.83 0.42 0.65 0.67 
81788 0.58 0.47 0.66 0.3 0.67 0.51 
91787 0.58 0.5 0.67 0.42 0.63 0.54 
110189 0.48 0.46 0.42 0.58 0.3 0.55 
61588 0.48 0.52 0.38 0.5 0.76 0.28 
101587 0.57 0.48 0.35 0.42 0.65 0.34 
52187 0.48 0.61 0.74 0.54 0.54 0.64 
83189 0.58 0.49 0.74 0.3 0.62 0.59 
92488 0.56 0.49 0.41 0.5 0.64 0.38 
11387 0.32 0.34 0.28 0.54 0.62 0.22 
70188 0.55 0.45 0.42 0.3 0.72 0.33 
22889 0.37 0.57 0.45 0.38 0.66 0.35 
101089 0.56 0.57 0.46 0.5 0.68 0.38 
41190 0.53 0.39 0.76 0.46 0.59 0.55 
90787 0.63 0.41 0.72 0.38 0.58 0.59 
90990 0.74 0.47 0.71 0.26 0.62 0.62 
102389 0.57 0.49 0.41 0.7 0.67 0.34 
62488 0.53 0.55 0.79 0.38 0.61 0.64 
73089 0.63 0.49 0.77 0.38 0.65 0.62 
31489 0.39 0.5 0.59 0.46 0.63 0.41 
50689 0.5 0.46 0.7 0.54 0.67 0.5 
31290 0.29 0.89 0.54 0.62 0.44 0.58 
110787 0.44 0.39 0.38 0.66 0.67 0.28 
120590 0.42 0.32 0.26 0.62 0.25 0.39 
102189 0.53 0.41 0.24 0.58 0.71 0.24 
52588 0.5 0.43 0.57 0.5 0.69 0.42 
52388 0.49 0.53 0.62 0.34 0.74 0.42 
82090 0.61 0.59 0.78 0.42 0.59 0.71 
50789 0.51 0.6 0.74 0.54 0.69 0.54 
103087 0.52 0.33 0.36 0.46 0.66 0.29 
71587 0.53 0.49 0.38 0.34 0.74 0.3 
70890 0.55 0.52 0.63 0.42 0.66 0.51 
91989 0.5 0.52 0.41 0.34 0.66 0.38 
122489 0.43 0.29 0.24 0.66 0.27 0.38 
41087 0.45 0.49 0.74 0.5 0.68 0.48 
81888 0.54 0.44 0.52 0.3 0.74 0.37 
121487 0.13 0.27 0.23 0.78 0.18 0.33 
71889 0.6 0.53 0.83 0.46 0.65 0.67 
111189 0.49 0.37 0.42 0.38 0.67 0.3 
50390 0.47 0.51 0.83 0.46 0.6 0.63 
82389 0.61 0.58 0.72 0.46 0.62 0.64 
120890 0.43 0.31 0.29 0.58 0.16 0.45 
83087 0.6 0.62 0.67 0.54 0.7 0.53 
82490 0.62 0.59 0.45 0.46 0.63 0.49 
52188 0.54 0.48 0.78 0.42 0.69 0.54 
60290 0.58 0.5 0.84 0.46 0.53 0.72 
90689 0.61 0.56 0.73 0.3 0.71 0.54 
42987 0.45 0.49 0.32 0.46 0.71 0.29 
91487 0.57 0.51 0.71 0.54 0.63 0.56 
111287 0.52 0.28 0.43 0.58 0.44 0.38 
101789 0.5 0.47 0.47 0.42 0.78 0.3 
100689 0.61 0.59 0.47 0.54 0.64 0.47 
100289 0.58 0.67 0.51 0.42 0.55 0.56 
112488 0.34 0.38 0.19 0.46 0.67 0.21 
72889 0.66 0.49 0.83 0.38 0.67 0.66 
32790 0.38 0.58 0.33 0.54 0.57 0.38 
60390 0.64 0.47 0.84 0.42 0.52 0.73 
20387 0.35 0.41 0.27 0.42 0.71 0.2 
111687 0.41 0.37 0.36 0.58 0.59 0.3 
101187 0.59 0.4 0.18 0.58 0.78 0.2 
80289 0.63 0.52 0.79 0.34 0.65 0.64 
102789 0.46 0.36 0.48 0.58 0.47 0.39 
71988 0.64 0.5 0.8 0.42 0.63 0.66 
20487 0.39 0.53 0.46 0.54 0.69 0.32 
72288 0.73 0.57 0.79 0.46 0.64 0.7 
120390 0.44 0.32 0.36 0.74 0.18 0.49 
50190 0.44 0.53 0.78 0.34 0.56 0.61 
122387 0.29 0.82 0.36 0.5 0.37 0.54 
62387 0.48 0.54 0.39 0.38 0.75 0.3 
52790 0.49 0.53 0.57 0.38 0.59 0.49 
42990 0.47 0.84 0.34 0.3 0.67 0.41 
50688 0.38 0.81 0.77 0.74 0.49 0.69 
80688 0.63 0.56 0.76 0.42 0.63 0.65 
102989 0.5 0.41 0.48 0.58 0.27 0.56 
22988 0.43 0.76 0.34 0.66 0.7 0.3 
121389 0.31 0.35 0.2 0.54 0.24 0.38 
100389 0.55 0.55 0.56 0.42 0.49 0.57 
102787 0.66 0.45 0.32 0.46 0.61 0.4 
121290 0.42 0.41 0.21 0.5 0.64 0.26 
112990 0.4 0.36 0.37 0.7 0.22 0.5 
81988 0.55 0.51 0.43 0.26 0.74 0.34 
11988 0.26 0.44 0.41 0.62 0.44 0.39 
31487 0.39 0.69 0.48 0.46 0.63 0.42 
71088 0.54 0.51 0.57 0.34 0.69 0.44 
22787 0.29 0.39 0.55 0.66 0.55 0.38 
100187 0.68 0.53 0.6 0.3 0.63 0.51 
42689 0.4 0.68 0.74 0.66 0.55 0.62 
62289 0.53 0.53 0.81 0.22 0.68 0.59 
33190 0.38 0.44 0.45 0.46 0.64 0.34 
120290 0.4 0.31 0.38 0.66 0.31 0.42 
22790 0.36 0.41 0.56 0.66 0.65 0.36 
110990 0.57 0.39 0.43 0.58 0.31 0.55 
111290 0.61 0.38 0.36 0.58 0.28 0.51 
91987 0.6 0.58 0.61 0.42 0.68 0.48 
52087 0.48 0.65 0.57 0.42 0.46 0.6 
80189 0.63 0.5 0.8 0.34 0.64 0.65 
22489 0.53 0.38 0.43 0.58 0.41 0.47 
50487 0.6 0.47 0.86 0.38 0.49 0.73 
31389 0.37 0.45 0.56 0.62 0.73 0.34 
20188 0.34 0.57 0.34 0.46 0.61 0.32 
20389 0.31 0.55 0.35 0.78 0.61 0.3 
60588 0.44 0.66 0.64 0.42 0.55 0.58 
80689 0.7 0.56 0.77 0.46 0.63 0.7 
70587 0.5 0.51 0.73 0.42 0.65 0.55 
72790 0.65 0.49 0.83 0.46 0.62 0.7 
82689 0.59 0.54 0.59 0.34 0.62 0.54 
122688 0.18 0.37 0.32 0.7 0.54 0.27 
30389 0.28 0.84 0.41 0.3 0.52 0.44 
72687 0.56 0.43 0.72 0.26 0.69 0.51 
10788 0.26 0.37 0.25 0.7 0.72 0.16 
61889 0.56 0.49 0.75 0.34 0.7 0.54 
30889 0.36 0.55 0.52 0.46 0.76 0.29 
110689 0.49 0.51 0.37 0.54 0.55 0.39 
82590 0.63 0.5 0.69 0.5 0.59 0.64 
22188 0.42 0.4 0.47 0.62 0.32 0.47 
112087 0.49 0.34 0.39 0.62 0.22 0.47 
21290 0.39 0.46 0.37 0.46 0.65 0.3 
92887 0.58 0.52 0.62 0.46 0.71 0.46 
100887 0.56 0.49 0.49 0.42 0.65 0.43 
10987 0.3 0.45 0.32 0.82 0.4 0.36 
51190 0.46 0.61 0.52 0.42 0.58 0.5 
71289 0.62 0.72 0.76 0.54 0.68 0.64 
63087 0.53 0.61 0.7 0.46 0.57 0.63 
22788 0.51 0.76 0.34 0.58 0.62 0.38 
92288 0.53 0.4 0.65 0.54 0.59 0.51 
21689 0.25 0.44 0.49 0.86 0.64 0.3 
112487 0.42 0.34 0.4 0.62 0.53 0.31 
61089 0.46 0.54 0.37 0.46 0.72 0.3 
33189 0.54 0.44 0.7 0.46 0.52 0.57 
12989 0.25 0.36 0.42 0.62 0.69 0.23 
31588 0.36 0.55 0.46 0.46 0.51 0.43 
61788 0.49 0.52 0.45 0.34 0.64 0.39 
122788 0.17 0.29 0.35 0.9 0.4 0.28 
120788 0.46 0.49 0.34 0.26 0.54 0.48 
91090 0.73 0.64 0.7 0.3 0.63 0.69 
21687 0.37 0.61 0.51 0.54 0.48 0.48 
91288 0.6 0.46 0.58 0.42 0.55 0.55 
52089 0.51 0.62 0.8 0.54 0.68 0.59 
32289 0.44 0.39 0.67 0.42 0.46 0.53 
82189 0.6 0.51 0.67 0.38 0.53 0.64 
121690 0.33 0.64 0.26 0.46 0.45 0.39 
10287 0.4 0.48 0.34 0.62 0.63 0.28 
91888 0.55 0.42 0.54 0.34 0.63 0.43 
71989 0.63 0.47 0.75 0.34 0.67 0.58 
110489 0.46 0.44 0.47 0.42 0.48 0.45 
31990 0.38 0.47 0.53 0.58 0.7 0.31 
20990 0.29 0.36 0.48 0.82 0.46 0.38 
61887 0.51 0.53 0.84 0.54 0.62 0.65 
92188 0.55 0.46 0.6 0.5 0.51 0.56 
52690 0.48 0.51 0.79 0.5 0.57 0.63 
101887 0.52 0.47 0.19 0.58 0.85 0.2 
52889 0.47 0.56 0.67 0.46 0.62 0.54 
102088 0.54 0.44 0.18 0.34 0.82 0.19 
81490 0.61 0.46 0.36 0.42 0.75 0.3 
52490 0.51 0.57 0.75 0.38 0.6 0.59 
121688 0.33 0.51 0.1 0.7 0.9 0.1 
83090 0.63 0.51 0.68 0.38 0.7 0.53 
31087 0.37 0.46 0.42 0.66 0.69 0.28 
22390 0.5 0.29 0.49 0.7 0.26 0.52 
80590 0.65 0.5 0.71 0.42 0.69 0.57 
80589 0.69 0.54 0.74 0.46 0.62 0.66 
13190 0.33 0.53 0.38 0.22 0.56 0.35 
62388 0.52 0.45 0.68 0.38 0.68 0.5 
101687 0.56 0.49 0.37 0.54 0.68 0.33 
51490 0.48 0.56 0.47 0.42 0.57 0.46 
41887 0.42 0.66 0.49 0.34 0.61 0.45 
110388 0.5 0.43 0.34 0.5 0.65 0.3 
72987 0.6 0.52 0.75 0.26 0.67 0.59 
10388 0.32 0.21 0.15 0.7 0.39 0.27 
12287 0.29 0.47 0.31 0.58 0.43 0.33 
101290 0.56 0.48 0.55 0.42 0.65 0.41 
112887 0.36 0.39 0.33 0.34 0.51 0.34 
91687 0.58 0.47 0.56 0.34 0.65 0.46 
120189 0.36 0.35 0.39 0.74 0.22 0.46 
91189 0.56 0.5 0.51 0.26 0.64 0.45 
40289 0.47 0.47 0.69 0.54 0.6 0.5 
61390 0.5 0.86 0.48 0.38 0.63 0.52 
111388 0.46 0.39 0.36 0.54 0.7 0.28 
61187 0.47 0.47 0.4 0.38 0.73 0.3 
42488 0.4 0.56 0.77 0.7 0.55 0.57 
102187 0.58 0.31 0.36 0.5 0.64 0.3 
80388 0.66 0.66 0.73 0.5 0.64 0.67 
110188 0.5 0.52 0.18 0.58 0.78 0.2 
73189 0.64 0.52 0.8 0.34 0.64 0.65 
120488 0.4 0.28 0.34 0.78 0.24 0.4 
82790 0.64 0.67 0.78 0.5 0.58 0.75 
42687 0.45 0.41 0.37 0.58 0.7 0.3 
52288 0.56 0.47 0.63 0.34 0.71 0.45 
102687 0.68 0.32 0.37 0.5 0.46 0.43 
100387 0.81 0.45 0.6 0.42 0.4 0.69 
62187 0.51 0.54 0.64 0.34 0.64 0.52 
42288 0.4 0.55 0.63 0.46 0.63 0.46 
11989 0.46 0.35 0.37 0.54 0.19 0.51 
71087 0.53 0.54 0.53 0.38 0.67 0.44 
10490 0.28 0.37 0.37 0.82 0.32 0.38 
92888 0.55 0.4 0.63 0.42 0.74 0.38 
61989 0.64 0.6 0.66 0.3 0.64 0.6 
112987 0.4 0.5 0.34 0.54 0.57 0.35 
71790 0.71 0.65 0.84 0.46 0.66 0.75 
41789 0.49 0.64 0.58 0.54 0.6 0.53 
82690 0.63 0.63 0.76 0.54 0.55 0.72 
80287 0.7 0.49 0.69 0.26 0.65 0.58 
100190 0.61 0.52 0.36 0.46 0.69 0.36 
91788 0.54 0.43 0.36 0.3 0.68 0.32 
70488 0.54 0.53 0.8 0.34 0.63 0.62 
43090 0.39 0.69 0.41 0.34 0.48 0.48 
50888 0.42 0.71 0.8 0.66 0.6 0.61 
50790 0.49 0.57 0.58 0.3 0.71 0.41 
52488 0.48 0.55 0.66 0.42 0.65 0.5 
120787 0.42 0.54 0.29 0.7 0.69 0.28 
60589 0.5 0.55 0.82 0.54 0.54 0.7 
112689 0.43 0.47 0.15 0.58 0.78 0.22 
71389 0.58 0.66 0.78 0.46 0.7 0.6 
31890 0.39 0.46 0.65 0.5 0.58 0.43 
41990 0.47 0.59 0.37 0.54 0.68 0.36 
51790 0.5 0.49 0.73 0.5 0.58 0.6 
21389 0.21 0.51 0.32 0.54 0.62 0.25 
112790 0.34 0.42 0.39 0.62 0.39 0.39 
22589 0.53 0.41 0.44 0.66 0.3 0.51 
50488 0.44 0.57 0.74 0.42 0.66 0.54 
71987 0.56 0.5 0.86 0.38 0.62 0.67 
60489 0.48 0.62 0.59 0.42 0.58 0.54 
120387 0.39 0.35 0.31 0.62 0.7 0.2 
72088 0.66 0.54 0.68 0.5 0.67 0.57 
11188 0.36 0.35 0.28 0.54 0.74 0.22 
122989 0.33 0.3 0.26 0.34 0.59 0.26 
22890 0.34 0.53 0.46 0.7 0.68 0.36 
41987 0.45 0.56 0.77 0.46 0.53 0.64 
21590 0.15 0.45 0.51 0.7 0.21 0.46 
60288 0.56 0.52 0.84 0.42 0.62 0.64 
42789 0.42 0.57 0.83 0.54 0.56 0.62 
62788 0.52 0.61 0.73 0.26 0.78 0.47 
100889 0.55 0.42 0.52 0.5 0.68 0.37 
121390 0.38 0.38 0.22 0.58 0.51 0.3 
32290 0.38 0.45 0.57 0.5 0.72 0.33 
122590 0.21 0.27 0.27 0.62 0.32 0.32 
91887 0.59 0.61 0.67 0.46 0.66 0.54 
12787 0.42 0.33 0.2 0.54 0.51 0.29 
62889 0.57 0.77 0.83 0.5 0.65 0.71 
10688 0.32 0.39 0.34 0.66 0.66 0.23 
12087 0.32 0.68 0.42 0.74 0.12 0.68 
70688 0.6 0.46 0.84 0.34 0.66 0.63 
61087 0.47 0.45 0.39 0.34 0.75 0.29 
82088 0.56 0.49 0.38 0.18 0.72 0.33 
82388 0.63 0.52 0.45 0.38 0.68 0.41 
22887 0.29 0.44 0.49 0.66 0.55 0.35 
30188 0.37 0.58 0.32 0.58 0.75 0.22 
101388 0.52 0.44 0.39 0.62 0.66 0.34 
20489 0.3 0.88 0.18 0.58 0.85 0.21 
52990 0.47 0.56 0.73 0.5 0.61 0.58 
102490 0.61 0.41 0.5 0.46 0.32 0.59 
61188 0.46 0.59 0.73 0.54 0.62 0.56 
21487 0.44 0.44 0.45 0.58 0.68 0.3 
62988 0.55 0.52 0.59 0.3 0.74 0.43 
122088 0.33 0.38 0.29 0.7 0.62 0.23 
101288 0.55 0.41 0.52 0.54 0.7 0.38 
61589 0.5 0.5 0.4 0.42 0.75 0.3 
82390 0.62 0.51 0.73 0.34 0.61 0.63 
90487 0.64 0.45 0.69 0.38 0.64 0.57 
12988 0.36 0.39 0.36 0.62 0.67 0.29 
20288 0.28 0.56 0.1 0.34 0.88 0.11 
41089 0.5 0.51 0.65 0.42 0.63 0.51 
101990 0.57 0.6 0.34 0.34 0.63 0.38 
22290 0.42 0.31 0.42 0.66 0.34 0.41 
72588 0.68 0.59 0.81 0.5 0.72 0.65 
80389 0.64 0.5 0.79 0.38 0.64 0.66 
81588 0.59 0.47 0.78 0.3 0.67 0.58 
101190 0.56 0.4 0.57 0.42 0.52 0.53 
12990 0.34 0.32 0.42 0.46 0.34 0.39 
62489 0.56 0.56 0.55 0.46 0.57 0.54 
32990 0.36 0.42 0.41 0.46 0.64 0.3 
41487 0.59 0.56 0.73 0.46 0.36 0.73 
33090 0.36 0.46 0.35 0.42 0.62 0.31 
42089 0.5 0.49 0.61 0.42 0.66 0.46 
100787 0.61 0.61 0.5 0.46 0.7 0.43 
120188 0.47 0.29 0.35 0.66 0.19 0.48 
102688 0.5 0.53 0.4 0.42 0.64 0.38 
121388 0.34 0.3 0.36 0.54 0.56 0.25 
21788 0.4 0.73 0.54 0.62 0.12 0.71 
31689 0.37 0.55 0.42 0.58 0.64 0.34 
70489 0.66 0.6 0.88 0.3 0.6 0.77 
83187 0.64 0.7 0.62 0.5 0.68 0.56 
103089 0.52 0.45 0.34 0.54 0.13 0.64 
31589 0.36 0.52 0.57 0.46 0.71 0.35 
31888 0.45 0.37 0.69 0.78 0.35 0.62 
123188 0.23 0.3 0.21 0.54 0.54 0.23 
42289 0.47 0.64 0.67 0.42 0.57 0.59 
51087 0.49 0.46 0.41 0.34 0.78 0.29 
60688 0.43 0.7 0.76 0.58 0.51 0.67 
51289 0.45 0.64 0.66 0.5 0.56 0.58 
60387 0.53 0.62 0.76 0.46 0.71 0.56 
42087 0.55 0.5 0.82 0.54 0.33 0.82 
50387 0.53 0.55 0.84 0.42 0.54 0.7 
92487 0.6 0.44 0.38 0.5 0.75 0.3 
73090 0.69 0.63 0.78 0.42 0.64 0.7 
120589 0.38 0.4 0.37 0.46 0.37 0.38 
40188 0.52 0.44 0.71 0.54 0.18 0.76 
111590 0.47 0.42 0.4 0.58 0.6 0.3 
61090 0.6 0.48 0.46 0.46 0.81 0.32 
40189 0.48 0.49 0.69 0.5 0.62 0.52 
41589 0.48 0.64 0.54 0.46 0.67 0.44 
20688 0.43 0.39 0.48 0.66 0.26 0.57 
20788 0.39 0.26 0.48 0.7 0.22 0.47 
83089 0.58 0.44 0.71 0.26 0.64 0.54 
30688 0.38 0.46 0.39 0.58 0.71 0.29 
32389 0.38 0.61 0.47 0.5 0.65 0.38 
53188 0.5 0.53 0.83 0.5 0.48 0.7 
60687 0.52 0.71 0.43 0.42 0.73 0.38 
30488 0.39 0.54 0.4 0.66 0.68 0.3 
72689 0.61 0.46 0.76 0.38 0.68 0.58 
60888 0.47 0.59 0.82 0.54 0.53 0.68 
122789 0.44 0.33 0.24 0.62 0.71 0.25 
60388 0.59 0.42 0.85 0.38 0.61 0.65 
110987 0.51 0.45 0.41 0.62 0.69 0.3 
110389 0.48 0.4 0.49 0.42 0.17 0.62 
82488 0.71 0.45 0.65 0.42 0.61 0.58 
81088 0.61 0.54 0.79 0.3 0.62 0.66 
112989 0.36 0.44 0.38 0.66 0.19 0.53 
70189 0.56 0.48 0.8 0.42 0.65 0.6 
61290 0.52 0.58 0.77 0.46 0.66 0.6 
10487 0.34 0.84 0.1 0.3 0.82 0.18 
110487 0.44 0.46 0.27 0.38 0.64 0.26 
40690 0.43 0.62 0.33 0.54 0.73 0.29 
52290 0.58 0.63 0.78 0.46 0.62 0.68 
90390 0.65 0.49 0.67 0.34 0.68 0.54 
72189 0.64 0.5 0.58 0.34 0.73 0.45 
33089 0.47 0.51 0.68 0.58 0.67 0.47 
82288 0.61 0.65 0.68 0.38 0.65 0.59 
21589 0.26 0.49 0.5 0.9 0.6 0.32 
80188 0.65 0.5 0.45 0.42 0.72 0.41 
82289 0.6 0.6 0.73 0.46 0.62 0.64 
81889 0.62 0.51 0.76 0.46 0.59 0.68 
41588 0.35 0.7 0.44 0.38 0.58 0.41 
30390 0.41 0.5 0.45 0.62 0.64 0.4 
11490 0.38 0.49 0.26 0.58 0.73 0.22 
71787 0.5 0.55 0.31 0.42 0.79 0.26 
81688 0.59 0.45 0.73 0.3 0.65 0.56 
120190 0.36 0.32 0.37 0.58 0.41 0.32 
81289 0.68 0.6 0.79 0.42 0.69 0.66 
60790 0.56 0.5 0.62 0.34 0.7 0.46 
63089 0.57 0.56 0.87 0.46 0.65 0.69 
22387 0.25 0.82 0.24 0.1 0.62 0.31 
121090 0.39 0.24 0.35 0.58 0.2 0.4 
90890 0.74 0.41 0.71 0.3 0.59 0.63 
102590 0.58 0.41 0.48 0.5 0.47 0.48 
52390 0.53 0.67 0.52 0.34 0.69 0.45 
22189 0.47 0.5 0.5 0.74 0.32 0.54 
82587 0.56 0.5 0.73 0.5 0.55 0.64 
111190 0.61 0.24 0.38 0.58 0.22 0.52 
111588 0.35 0.37 0.39 0.74 0.59 0.3 
81089 0.67 0.53 0.62 0.46 0.7 0.52 
21187 0.45 0.49 0.35 0.66 0.74 0.25 
122689 0.44 0.16 0.15 0.62 0.52 0.21 
11590 0.31 0.41 0.14 0.58 0.72 0.18 
81287 0.64 0.65 0.73 0.42 0.65 0.64 
111688 0.37 0.35 0.42 0.66 0.51 0.31 
110789 0.48 0.47 0.4 0.46 0.59 0.38 
81488 0.61 0.55 0.81 0.38 0.67 0.63 
22488 0.37 0.54 0.48 0.62 0.7 0.3 
71388 0.57 0.48 0.7 0.46 0.66 0.55 
71288 0.6 0.49 0.82 0.5 0.63 0.66 
30187 0.31 0.43 0.53 0.54 0.67 0.32 
51390 0.48 0.6 0.66 0.42 0.58 0.58 
30287 0.34 0.42 0.5 0.62 0.57 0.35 
91688 0.58 0.42 0.56 0.38 0.63 0.46 
32588 0.73 0.44 0.67 0.46 0.14 0.9 
112890 0.39 0.4 0.4 0.74 0.28 0.49 
21789 0.29 0.43 0.49 0.74 0.59 0.31 
70389 0.59 0.49 0.85 0.38 0.68 0.63 
92189 0.67 0.47 0.68 0.22 0.47 0.64 
30689 0.43 0.48 0.6 0.46 0.42 0.51 
73087 0.62 0.5 0.79 0.22 0.64 0.62 
91387 0.55 0.61 0.63 0.46 0.57 0.58 
20689 0.16 0.57 0.38 0.7 0.11 0.51 
112889 0.39 0.38 0.38 0.66 0.12 0.54 
42888 0.47 0.57 0.54 0.54 0.53 0.52 
21287 0.43 0.62 0.31 0.74 0.72 0.27 
21390 0.34 0.78 0.24 0.42 0.57 0.4 
81290 0.68 0.55 0.71 0.42 0.71 0.59 
102288 0.51 0.4 0.22 0.42 0.81 0.17 
121087 0.44 0.25 0.33 0.62 0.55 0.26 
81687 0.6 0.6 0.72 0.5 0.61 0.63 
122287 0.31 0.53 0.32 0.54 0.63 0.28 
70990 0.62 0.66 0.76 0.42 0.63 0.67 
72789 0.64 0.52 0.75 0.42 0.67 0.61 
120990 0.4 0.23 0.36 0.62 0.24 0.39 
112189 0.5 0.37 0.38 0.58 0.57 0.34 
82187 0.6 0.53 0.77 0.5 0.63 0.62 
122389 0.45 0.34 0.3 0.74 0.19 0.48 
122188 0.32 0.6 0.32 0.66 0.62 0.3 
82890 0.7 0.56 0.77 0.46 0.58 0.73 
121689 0.34 0.34 0.19 0.38 0.65 0.22 
102887 0.61 0.5 0.32 0.54 0.67 0.3 
40287 0.39 0.54 0.53 0.54 0.64 0.42 
62989 0.55 0.74 0.84 0.58 0.62 0.72 
40988 0.5 0.46 0.66 0.46 0.72 0.44 
62688 0.6 0.59 0.88 0.34 0.64 0.7 
80989 0.64 0.49 0.57 0.34 0.71 0.46 
71488 0.58 0.5 0.72 0.42 0.65 0.58 
100590 0.61 0.61 0.55 0.46 0.72 0.43 
101387 0.55 0.4 0.43 0.42 0.65 0.35 
111690 0.47 0.38 0.27 0.62 0.73 0.21 
112290 0.42 0.33 0.4 0.66 0.44 0.38 
110287 0.48 0.64 0.23 0.54 0.6 0.36 
52190 0.53 0.54 0.71 0.54 0.63 0.57 
61489 0.51 0.51 0.72 0.3 0.73 0.47 
11189 0.35 0.53 0.36 0.7 0.42 0.44 
10187 0.34 0.32 0.25 0.62 0.58 0.22 
92988 0.55 0.38 0.57 0.38 0.73 0.35 
12987 0.35 0.39 0.39 0.58 0.65 0.27 
80387 0.68 0.49 0.75 0.3 0.66 0.62 
30787 0.39 0.51 0.3 0.54 0.81 0.2 
110989 0.49 0.41 0.45 0.5 0.29 0.5 
102289 0.6 0.44 0.31 0.66 0.69 0.29 
121488 0.33 0.5 0.21 0.54 0.7 0.22 
121490 0.33 0.32 0.26 0.54 0.58 0.24 
22287 0.27 0.47 0.37 0.38 0.66 0.28 
120690 0.43 0.33 0.37 0.66 0.33 0.45 
60890 0.59 0.45 0.61 0.3 0.73 0.46 
71788 0.63 0.45 0.69 0.46 0.74 0.5 
32190 0.52 0.35 0.65 0.5 0.43 0.51 
70190 0.64 0.56 0.85 0.38 0.69 0.68 
81487 0.52 0.53 0.34 0.34 0.69 0.33 
12789 0.29 0.47 0.38 0.74 0.6 0.33 
70988 0.57 0.49 0.74 0.34 0.69 0.55 
21588 0.41 0.35 0.49 0.46 0.41 0.39 
30587 0.5 0.63 0.25 0.5 0.45 0.46 
40590 0.48 0.55 0.5 0.5 0.71 0.36 
53089 0.48 0.56 0.79 0.5 0.58 0.63 
100790 0.58 0.46 0.38 0.42 0.59 0.4 
100687 0.56 0.46 0.47 0.42 0.73 0.33 
60187 0.54 0.53 0.81 0.38 0.66 0.61 
20890 0.32 0.46 0.31 0.58 0.46 0.37 
92388 0.55 0.37 0.61 0.46 0.66 0.45 
90889 0.58 0.55 0.7 0.34 0.64 0.57 
20587 0.47 0.38 0.45 0.66 0.31 0.49 
101390 0.55 0.44 0.48 0.38 0.67 0.37 
111887 0.52 0.47 0.42 0.66 0.52 0.38 
50988 0.47 0.59 0.85 0.58 0.57 0.67 
111087 0.57 0.29 0.43 0.62 0.37 0.46 
51888 0.49 0.51 0.72 0.3 0.61 0.55 
62689 0.57 0.7 0.86 0.38 0.65 0.7 
32088 0.56 0.22 0.61 0.54 0.13 0.65 
60787 0.53 0.53 0.4 0.42 0.7 0.36 
122990 0.29 0.44 0.17 0.5 0.64 0.22 
90587 0.61 0.48 0.7 0.42 0.67 0.54 
51287 0.55 0.55 0.53 0.3 0.73 0.39 
111090 0.63 0.3 0.4 0.5 0.2 0.54 
32288 0.42 0.48 0.61 0.62 0.64 0.41 
122190 0.18 0.73 0.15 0.46 0.57 0.33 
30788 0.4 0.51 0.52 0.54 0.6 0.41 
110890 0.47 0.33 0.45 0.7 0.25 0.49 
100589 0.57 0.48 0.53 0.42 0.68 0.44 
80288 0.64 0.61 0.62 0.42 0.66 0.56 
122488 0.28 0.62 0.2 0.62 0.68 0.21 
12189 0.49 0.37 0.16 0.42 0.25 0.42 
12289 0.35 0.38 0.37 0.42 0.55 0.3 
111490 0.48 0.44 0.35 0.46 0.64 0.29 
32287 0.31 0.9 0.55 0.5 0.47 0.57 
50890 0.44 0.54 0.81 0.42 0.6 0.62 
11289 0.3 0.69 0.39 0.9 0.12 0.64 
41689 0.49 0.57 0.49 0.46 0.62 0.45 
10790 0.28 0.23 0.33 0.9 0.45 0.27 
120687 0.38 0.34 0.32 0.74 0.66 0.24 
80187 0.67 0.51 0.69 0.3 0.63 0.58 
113089 0.37 0.37 0.38 0.74 0.17 0.5 
111389 0.46 0.4 0.4 0.54 0.62 0.34 
82989 0.56 0.56 0.59 0.34 0.7 0.46 
61190 0.58 0.55 0.54 0.46 0.78 0.4 
61389 0.48 0.52 0.61 0.38 0.73 0.41 
42587 0.45 0.48 0.55 0.5 0.67 0.4 
101088 0.6 0.32 0.59 0.34 0.64 0.46 
111289 0.48 0.45 0.42 0.42 0.67 0.32 
80789 0.67 0.65 0.7 0.38 0.68 0.62 
40187 0.47 0.51 0.71 0.54 0.37 0.68 
21989 0.33 0.45 0.3 0.54 0.71 0.23 
41787 0.4 0.43 0.35 0.38 0.69 0.28 
10787 0.33 0.56 0.29 0.62 0.63 0.29 
62890 0.63 0.46 0.88 0.18 0.65 0.7 
41488 0.41 0.76 0.34 0.38 0.68 0.32 
111489 0.46 0.48 0.37 0.5 0.59 0.35 
90388 0.8 0.49 0.68 0.18 0.52 0.73 
120689 0.39 0.44 0.38 0.42 0.29 0.43 
61789 0.55 0.47 0.81 0.38 0.67 0.59 
50490 0.53 0.58 0.8 0.46 0.69 0.6 
30690 0.31 0.47 0.6 0.62 0.46 0.48 
111990 0.45 0.64 0.17 0.34 0.66 0.27 
62487 0.53 0.47 0.7 0.46 0.69 0.5 
11487 0.34 0.41 0.19 0.42 0.69 0.19 
21387 0.42 0.56 0.24 0.7 0.7 0.22 
21090 0.33 0.39 0.47 0.74 0.41 0.43 
120887 0.36 0.36 0.31 0.7 0.63 0.24 
111089 0.54 0.41 0.45 0.34 0.18 0.56 
112387 0.42 0.37 0.38 0.46 0.66 0.28 
122890 0.31 0.41 0.33 0.3 0.48 0.35 
80890 0.69 0.55 0.54 0.42 0.7 0.48 
72488 0.7 0.68 0.78 0.5 0.68 0.68 
32490 0.36 0.4 0.3 0.46 0.72 0.23 
83188 0.63 0.55 0.62 0.14 0.74 0.46 
50290 0.44 0.57 0.7 0.42 0.59 0.54 
81590 0.63 0.52 0.52 0.42 0.66 0.47 
53189 0.47 0.52 0.67 0.46 0.69 0.47 
60189 0.45 0.54 0.44 0.54 0.69 0.35 
61388 0.47 0.52 0.72 0.38 0.7 0.5 
31090 0.36 0.6 0.35 0.46 0.55 0.38 
80888 0.62 0.51 0.72 0.42 0.62 0.61 
41688 0.43 0.56 0.63 0.54 0.6 0.49 
120288 0.4 0.28 0.35 0.66 0.2 0.4 
70889 0.6 0.5 0.76 0.46 0.67 0.61 
30987 0.39 0.41 0.3 0.58 0.69 0.23 
61888 0.49 0.49 0.55 0.3 0.67 0.43 
51389 0.44 0.66 0.44 0.42 0.61 0.46 
82089 0.6 0.56 0.58 0.38 0.57 0.58 
61687 0.53 0.75 0.87 0.46 0.65 0.71 
41390 0.45 0.51 0.58 0.5 0.7 0.39 
21889 0.27 0.47 0.36 0.58 0.74 0.22 
101188 0.54 0.4 0.44 0.46 0.8 0.28 
41187 0.42 0.6 0.34 0.34 0.67 0.33 
52789 0.46 0.6 0.65 0.46 0.65 0.51 
82889 0.58 0.63 0.65 0.42 0.68 0.53 
12290 0.34 0.32 0.36 0.5 0.29 0.4 
22888 0.45 0.52 0.38 0.66 0.8 0.24 
11887 0.24 0.47 0.37 0.82 0.46 0.35 
11287 0.37 0.35 0.38 0.58 0.29 0.45 
52689 0.49 0.52 0.87 0.38 0.63 0.64 
50588 0.38 0.84 0.68 0.62 0.48 0.65 
40688 0.56 0.53 0.74 0.46 0.56 0.63 
110288 0.48 0.47 0.33 0.54 0.66 0.3 
42487 0.49 0.43 0.76 0.46 0.61 0.55 
60988 0.48 0.5 0.9 0.46 0.62 0.65 
61088 0.48 0.52 0.85 0.5 0.66 0.61 
11390 0.42 0.69 0.17 0.62 0.8 0.19 
80588 0.63 0.55 0.55 0.38 0.71 0.46 
12187 0.25 0.41 0.38 0.82 0.27 0.43 
72487 0.55 0.62 0.65 0.34 0.65 0.54 
11088 0.41 0.33 0.32 0.66 0.4 0.33 
82987 0.58 0.42 0.49 0.5 0.7 0.38 
90690 0.75 0.56 0.73 0.46 0.61 0.69 
122189 0.31 0.35 0.32 0.74 0.61 0.24 
61688 0.49 0.71 0.74 0.46 0.65 0.6 
111889 0.56 0.42 0.42 0.42 0.35 0.54 
101087 0.55 0.51 0.5 0.5 0.67 0.39 
42090 0.47 0.53 0.41 0.54 0.68 0.35 
12690 0.37 0.28 0.36 0.46 0.29 0.38 
52487 0.47 0.69 0.4 0.5 0.6 0.46 
121590 0.32 0.33 0.25 0.42 0.55 0.26 
100188 0.53 0.42 0.52 0.5 0.7 0.37 
81188 0.61 0.52 0.79 0.34 0.58 0.7 
22389 0.53 0.31 0.46 0.54 0.29 0.53 
12487 0.32 0.41 0.39 0.66 0.66 0.24 
11090 0.38 0.3 0.32 0.62 0.73 0.2 
122589 0.41 0.29 0.23 0.66 0.39 0.3 
111787 0.45 0.34 0.28 0.54 0.56 0.28 
81587 0.58 0.6 0.64 0.46 0.58 0.61 
111890 0.49 0.43 0.37 0.46 0.64 0.32 
100688 0.53 0.51 0.41 0.54 0.66 0.38 
72287 0.56 0.61 0.82 0.5 0.6 0.69 
121589 0.36 0.35 0.2 0.54 0.45 0.31 
51589 0.44 0.53 0.35 0.3 0.61 0.38 
111088 0.44 0.45 0.29 0.58 0.67 0.26 
102290 0.61 0.29 0.52 0.38 0.15 0.66 
80788 0.62 0.51 0.82 0.42 0.59 0.7 
12090 0.31 0.28 0.36 0.62 0.39 0.32 
51587 0.49 0.53 0.29 0.46 0.79 0.24 
112590 0.43 0.35 0.36 0.5 0.6 0.3 
31188 0.36 0.62 0.62 0.46 0.4 0.58 
72390 0.66 0.53 0.66 0.34 0.7 0.54 
31189 0.41 0.67 0.49 0.7 0.72 0.34 
101989 0.46 0.56 0.21 0.5 0.84 0.16 
90389 0.59 0.51 0.64 0.38 0.7 0.47 
62389 0.51 0.65 0.68 0.3 0.62 0.59 
61690 0.53 0.51 0.79 0.42 0.6 0.64 
81689 0.6 0.56 0.76 0.3 0.62 0.64 
71687 0.51 0.65 0.39 0.34 0.72 0.35 
32188 0.45 0.36 0.64 0.58 0.48 0.51 
92090 0.63 0.58 0.51 0.26 0.52 0.59 
122787 0.16 0.33 0.27 0.86 0.43 0.25 
92589 0.74 0.53 0.44 0.3 0.51 0.55 
10687 0.31 0.52 0.25 0.66 0.61 0.25 
120588 0.38 0.35 0.35 0.7 0.37 0.39 
21289 0.25 0.47 0.35 0.62 0.58 0.3 
22187 0.33 0.48 0.56 0.58 0.34 0.5 
81790 0.64 0.46 0.59 0.38 0.66 0.51 
32387 0.31 0.53 0.56 0.54 0.59 0.4 
41889 0.49 0.57 0.6 0.5 0.66 0.47 
92088 0.53 0.64 0.35 0.3 0.63 0.42 
70888 0.59 0.53 0.83 0.42 0.68 0.63 
121887 0.29 0.37 0.36 0.34 0.54 0.28 
61890 0.53 0.6 0.77 0.5 0.66 0.6 
101488 0.53 0.38 0.38 0.54 0.62 0.34 
102988 0.49 0.49 0.33 0.58 0.58 0.35 
122588 0.25 0.87 0.25 0.46 0.52 0.37 
101689 0.53 0.52 0.44 0.34 0.64 0.39 
120187 0.37 0.38 0.35 0.62 0.62 0.27 
10387 0.37 0.42 0.28 0.62 0.67 0.22 
52888 0.5 0.67 0.58 0.38 0.67 0.49 
20388 0.33 0.35 0.3 0.66 0.68 0.22 
51889 0.49 0.54 0.67 0.54 0.62 0.54 
62390 0.59 0.62 0.81 0.34 0.67 0.64 
80889 0.61 0.58 0.36 0.34 0.74 0.34 
13087 0.34 0.51 0.3 0.46 0.61 0.29 
21489 0.22 0.46 0.51 0.66 0.57 0.33 
61587 0.53 0.7 0.87 0.5 0.6 0.74 
60488 0.51 0.61 0.65 0.38 0.67 0.52 
10988 0.31 0.36 0.37 0.74 0.67 0.22 
42188 0.37 0.73 0.39 0.1 0.68 0.32 
91087 0.63 0.43 0.51 0.42 0.68 0.42 
82387 0.57 0.58 0.76 0.54 0.63 0.62 
123088 0.19 0.1 0.36 0.82 0.35 0.25 
101889 0.56 0.5 0.52 0.46 0.57 0.42 
41288 0.53 0.54 0.58 0.38 0.65 0.44 
81887 0.58 0.75 0.57 0.5 0.67 0.53 
100490 0.67 0.5 0.61 0.5 0.62 0.53 
10888 0.29 0.35 0.33 0.74 0.64 0.22 
90789 0.6 0.52 0.7 0.3 0.65 0.54 
21288 0.54 0.34 0.5 0.54 0.14 0.63 
22588 0.44 0.48 0.44 0.5 0.57 0.38 
81288 0.61 0.53 0.8 0.42 0.55 0.72 
91089 0.55 0.53 0.68 0.34 0.63 0.54 
61487 0.51 0.67 0.68 0.5 0.62 0.57 
