92287 20.6 385.4 256 101.4 87 0.24 
41888 15.8 431.9 411.6 101.8 78 0.37 
30490 14.4 460.6 202.5 101.6 62 0.39 
100988 22.4 225.9 481.5 101.1 50 0.6 
81489 21.8 381.3 661 101.1 72 0.69 
91889 19.5 406.8 479.8 101.1 65 0.54 
91389 20.5 372.6 544.5 101.2 73 0.54 
51487 17.5 326.6 333.4 101.2 81 0.29 
10489 13.3 354.9 179 101.7 85 0.14 
91590 21.6 288.8 463.3 101.2 74 0.44 
110390 16.3 265.1 399.1 101.8 24 0.57 
122587 7.2 302.9 315.2 101.7 24 0.41 
71888 21 372.6 573.8 101.4 75 0.58 
31690 17.6 298.4 401.3 101.8 27 0.63 
90289 19.7 420.5 589.4 101.2 74 0.56 
22288 13.8 280.2 368.5 101.4 75 0.27 
13188 13.2 302 238.6 101.5 67 0.26 
32989 15.9 373.5 551.1 101.9 78 0.44 
121890 12.7 346.7 304 101.8 56 0.35 
80488 21.5 378.1 501 101.4 75 0.53 
22687 11.1 439.1 370.9 101.2 58 0.38 
20787 21.1 415 217.5 101.6 20 0.81 
51690 17.2 357.1 534.5 101.5 69 0.5 
122887 9.8 197.7 168.6 102.1 49 0.22 
100488 18.6 287.9 299.3 101.4 84 0.23 
72188 23.5 395.9 335.2 101.6 76 0.4 
81390 20.9 439.6 297 101.3 79 0.35 
82888 21.8 405.4 561.8 100.9 76 0.58 
12188 11.2 238.7 316.4 102.1 51 0.31 
112088 12.3 280.6 350.9 101.9 42 0.37 
112287 15.3 267.4 330.1 101.3 70 0.27 
81387 19.3 416.8 284.8 101.2 82 0.3 
92590 20.9 421.8 500.3 101.5 71 0.54 
100789 19.6 416.8 457.4 101.5 78 0.42 
121788 12.9 225.5 275.3 102.2 72 0.19 
12890 14.9 280.6 360.1 101.9 24 0.58 
62288 18.5 475.6 537.8 101.1 75 0.53 
102888 17.6 343.9 359.3 101.5 62 0.43 
30489 11.9 347.1 439.1 101.9 46 0.45 
30387 15.5 214.6 461 101.9 53 0.4 
81989 20.8 390.9 562.8 101.4 66 0.65 
10689 10.9 603.1 284.3 102 53 0.44 
71187 19.4 392.7 660.6 101.3 64 0.72 
71990 23.6 397.7 712.5 100.9 69 0.81 
90688 24.3 379.5 607.7 100.7 66 0.71 
12687 16.5 278.8 349.5 101.9 43 0.42 
40687 15.9 378.6 598.4 101.5 70 0.54 
111589 17.4 293.4 323.8 101.6 59 0.38 
10887 12 302.9 303.6 102.3 61 0.28 
32988 18.6 315.2 584.3 101.5 32 0.8 
60490 21.2 315.7 720 101 64 0.76 
112389 16.3 313.4 264.2 101.5 74 0.26 
101988 19.8 402.7 264.7 101.4 81 0.29 
30888 15.4 425.5 519.2 102.1 69 0.43 
72089 21.2 359.9 533 101 80 0.49 
51489 16 424.1 350.3 101.2 67 0.41 
81187 21.4 375.8 646.9 101.3 71 0.7 
70290 21.6 386.3 692.6 101.1 71 0.73 
90989 18.9 428.7 546.5 101.2 72 0.53 
80787 21.1 361.2 595.8 101.1 73 0.61 
30988 13.9 339.4 359.8 102.1 81 0.24 
91490 20.8 324.8 417.1 101.3 81 0.38 
40887 19.7 289.3 629.9 101.4 49 0.77 
72589 20.6 363.5 601.7 101.2 73 0.6 
80190 20.5 374.5 681.9 101.2 68 0.73 
32689 13.4 610.9 441.8 101.2 60 0.55 
30388 14.1 355.3 405.9 101.7 77 0.29 
90988 21.3 373.5 514.2 101.1 70 0.55 
61990 19.1 384 661.6 101.2 73 0.63 
71890 23.2 442.8 679.4 101.2 71 0.77 
52687 16 586.7 361.4 101.4 62 0.53 
62287 18.4 405.9 655.5 101 72 0.65 
61790 18 333.5 324.8 101.4 74 0.34 
70689 19.3 480.1 602.4 101.3 80 0.54 
40390 18.1 278.3 430.1 101.4 53 0.45 
120988 19.1 373.5 296.9 101.3 26 0.7 
71290 23.5 350.3 596.1 101.3 67 0.67 
121988 12.9 281.1 216.4 101.8 72 0.21 
111689 18.7 272.4 334.1 101.2 22 0.64 
43089 17.5 451 638.1 101.6 64 0.67 
42588 16.4 390.9 682.5 101.5 70 0.6 
90588 28.2 358.1 597.8 100.6 44 0.96 
40787 18 332.5 575 101.4 59 0.61 
53190 17.3 465.1 591.6 101.5 65 0.64 
33188 17.4 404.1 561.5 101.2 38 0.71 
121888 11.9 318.9 169.9 101.9 76 0.19 
20989 13.2 306.1 151 102.3 88 0.17 
120388 14.4 213.6 201.4 102.1 36 0.35 
100690 20.4 376.7 413.2 101.3 70 0.48 
83088 21.8 380.4 614.3 100.6 78 0.6 
13189 14 227.8 345.6 101.6 34 0.41 
40488 16 378.1 553.7 101.4 68 0.52 
72587 18.9 332.1 623.3 101 73 0.57 
100288 18.7 351.2 343.1 101.4 81 0.29 
21988 15 370.4 429.1 101.8 26 0.62 
32688 24 284.7 588 101.1 26 0.96 
90887 22.9 292.9 580.5 101.2 56 0.7 
22289 18.6 308.9 355.5 102 26 0.63 
62687 18 401.3 328.8 101.5 77 0.33 
11190 15 279.7 274 101.7 68 0.24 
82087 20.2 345.3 613.4 101.4 70 0.61 
32390 14.6 336.6 494.8 101.5 74 0.38 
33087 18.1 331.6 560.7 101.8 18 0.89 
123090 11.6 236.4 307.1 102.3 41 0.33 
11688 13.1 307.5 218.4 101.6 71 0.23 
101287 20 392.2 214.1 101.4 88 0.2 
51788 16.5 432.8 298.6 101.1 77 0.32 
40490 17.1 395.9 504.9 101.3 83 0.41 
62190 19.1 362.2 673.3 101.1 75 0.64 
112688 14.5 295.6 240.6 101.4 79 0.18 
113088 16.2 184 332.2 102 29 0.46 
11588 13.9 253.7 166.5 101.6 61 0.24 
80690 22.7 362.2 589.8 101.3 73 0.63 
21887 13.4 317.1 393.1 101.3 59 0.4 
70388 18.7 352.1 638.7 101.1 73 0.6 
71387 19.5 492.9 654.4 101.3 75 0.66 
22090 11.2 307.5 406.7 102.3 52 0.38 
81189 22.2 435 655.5 101.4 76 0.69 
11087 11.7 245.1 321.4 102 46 0.34 
62590 22.5 441.9 705.5 101.1 64 0.85 
113090 14.3 174.9 228.5 101.7 48 0.27 
123187 10.7 248.7 244.3 102.2 47 0.28 
10188 10.9 250.1 263.5 102.2 30 0.37 
101688 18.7 343.9 420.7 101.3 83 0.31 
62589 19.9 494.3 636.5 101.4 63 0.75 
122987 10.1 317.5 175.2 102 66 0.22 
12588 15.7 215.5 323.7 102 38 0.43 
61287 17.6 369 337.2 101.6 79 0.32 
102287 19.8 446.9 184.7 101.3 87 0.21 
110690 17.5 370.4 336.3 101 59 0.48 
120487 15.5 539.8 127 101.7 83 0.19 
52590 17.1 377.6 660.1 101.3 70 0.63 
100587 20.7 283.8 471.5 101.3 80 0.4 
51388 17.8 347.1 704.1 101.4 78 0.6 
60690 19.1 386.8 687.8 101.2 72 0.67 
111390 19.2 265.6 356.7 101.4 42 0.45 
41088 19.6 343 529.9 101.4 59 0.55 
51887 17.4 420.5 533.1 101.3 62 0.61 
90190 21.1 361.2 550.5 101.2 71 0.58 
32890 13 426.4 202.6 101.4 80 0.24 
42887 16.5 287.4 309.7 101.5 81 0.25 
111387 17 306.1 233.4 101.4 76 0.24 
92687 19.1 301.1 351 101.2 74 0.36 
10390 11.8 216.4 261 102.2 65 0.22 
111487 17 449.2 314.4 101.3 69 0.36 
91589 23.1 292.9 254.9 101.1 66 0.38 
121889 13 224.1 139.8 101.3 60 0.23 
81690 22.2 429.1 562.7 101.4 67 0.67 
30588 15.3 345.3 363.9 102 77 0.3 
82487 19.3 374 628.2 101.5 65 0.68 
70387 18.3 397.7 617 101.2 72 0.6 
112187 16.3 325.7 296.7 101.5 67 0.32 
50788 14.9 462.8 537.9 101.9 68 0.52 
31789 14.8 475.6 547.4 101.8 67 0.52 
91890 20.5 374.9 448 101.4 62 0.56 
52088 19.3 425 679.7 101.2 73 0.66 
121188 14.9 241.9 308.2 102.1 33 0.43 
91690 20.2 336.2 490.5 101 72 0.5 
12190 13 225 220.4 101.7 43 0.32 
51688 17.4 361.2 488 101.4 75 0.45 
70490 21.4 472.4 718.1 101.3 70 0.81 
41290 18.1 356.7 589.9 101.1 70 0.53 
123190 11.2 204.1 290.8 102.1 40 0.32 
90589 22 430 608.5 101 66 0.7 
30189 13.6 338.5 379.7 101.5 66 0.34 
50189 16.9 430.9 608.9 101.6 74 0.54 
82988 21.9 472.4 577.4 100.8 78 0.59 
50388 17.7 287.9 715.2 101.3 50 0.76 
11687 7.6 429.6 331.1 101.2 32 0.5 
100489 18.5 405.4 491.2 101 67 0.52 
101888 19.8 335.3 224.6 101.6 74 0.29 
51488 15.8 364.4 531.6 101.2 84 0.36 
13089 14.2 278.3 354.5 101.7 40 0.4 
102987 19.2 378.6 325.2 101.6 78 0.32 
20589 9.8 603.6 244.5 101.8 50 0.45 
100189 19.1 382.2 454.2 101.2 68 0.5 
80990 22.4 421.4 522.5 101.3 73 0.59 
42388 14.9 472.9 392.6 101.7 69 0.44 
100487 26.4 262.8 480.1 101.3 36 0.74 
60190 17.6 436.9 725.4 101.4 62 0.79 
12788 15.8 238.7 230.8 101.7 36 0.37 
40889 20.3 307.9 586.7 101 55 0.68 
91488 20 458.3 502.3 101.3 73 0.53 
62087 17.7 401.8 580.7 101.3 68 0.6 
12388 12.6 245.5 354.3 102.1 33 0.42 
22487 9.9 562.6 223.6 100.5 71 0.27 
41090 17.8 286.1 546.9 101.9 69 0.48 
80790 23 371.7 490.6 101.3 75 0.53 
120587 15.3 238.7 184.4 101.8 73 0.17 
11690 12.8 364 167.4 101.6 74 0.22 
100890 21.1 350.3 471.5 101.5 56 0.64 
11790 10.8 416.4 204.2 101.2 61 0.3 
81990 20.6 407.7 541.4 101.3 68 0.62 
82290 21.3 371.7 639.3 101.4 70 0.67 
70690 20.9 364.9 691.3 101 73 0.7 
122988 9.1 217.3 308.3 102.3 47 0.28 
20988 16 283.3 384.3 101.8 47 0.44 
31989 15.7 298.4 512 101.7 67 0.42 
90687 20 395.9 600.4 101.3 73 0.58 
80587 20.4 371.3 555.6 101 76 0.54 
22688 16.6 354.9 282.9 101.4 70 0.32 
30789 17.9 328.9 476.5 101.1 52 0.53 
62089 21.2 370.4 680.7 100.9 69 0.72 
72087 19.1 424.1 303.4 101.2 74 0.36 
110488 17.8 220.9 384.9 101.3 74 0.29 
101389 18.6 338.9 277 101.5 79 0.27 
72787 18.7 340.7 456 101 79 0.4 
50389 17.3 369 612.9 101.4 74 0.52 
81987 20 434.1 597.6 101.4 71 0.63 
92089 19.1 430 536.8 101.1 60 0.63 
101490 19.4 363.5 388.7 101.2 70 0.42 
31089 14.6 451.9 424.2 101.9 75 0.35 
102387 19.3 385.4 340.7 101.4 82 0.29 
71789 19.7 381.7 672 101.5 72 0.67 
50887 18.2 371.3 442 101.2 77 0.4 
42387 18.1 362.2 605.7 101.5 69 0.58 
31490 12.6 311.6 504.2 102 48 0.5 
50990 16.8 369.4 604.3 101.5 63 0.62 
60689 18 484.7 478.4 101.5 70 0.53 
21688 12.8 281.1 415.4 101.2 78 0.26 
111987 19 281.1 334.9 102.1 33 0.59 
81388 20.7 445.1 669.6 101.3 67 0.74 
21189 11.4 267.4 339.3 102.3 73 0.24 
30887 14.8 349.4 358.6 101.6 77 0.28 
92788 18.7 360.8 515.6 101.6 74 0.46 
110387 16.3 344.4 391.1 101.4 60 0.43 
110889 16.4 306.1 341.8 101.4 69 0.29 
52389 18.3 500.6 629.8 101.6 65 0.69 
70487 18 396.3 634.7 101.2 69 0.63 
62188 18.4 500.6 687.1 101.3 71 0.71 
81788 19.8 344.4 551.1 101 73 0.53 
91787 19.7 366.3 560.2 101.3 69 0.56 
110189 17.1 342.6 355 101.7 37 0.58 
61588 17.2 378.1 320.9 101.5 82 0.27 
101587 19.6 353 296.9 101.3 71 0.34 
52187 17.2 438.2 611.5 101.6 60 0.68 
83189 19.9 361.7 616.7 101 68 0.62 
92488 19.4 360.8 348.3 101.5 70 0.39 
11387 13.1 258.7 236.2 101.6 68 0.21 
70188 19.1 334.8 356.5 101 78 0.33 
22889 14.4 415 375 101.2 72 0.35 
101089 19.2 416.4 385.1 101.5 74 0.39 
41190 18.5 294.3 629.8 101.4 65 0.58 
90787 21 304.3 598.5 101.2 64 0.62 
90990 24 346.7 585.4 100.9 68 0.65 
102389 19.5 361.2 348.2 102 73 0.34 
62488 18.6 402.2 650 101.2 67 0.68 
73089 21.1 362.2 639.1 101.2 71 0.66 
31489 14.8 368.5 489 101.4 69 0.42 
50689 17.6 337.6 584 101.6 73 0.52 
31290 12.3 631.4 449.8 101.8 51 0.61 
110787 16.2 295.2 321 101.9 73 0.27 
120590 15.5 242.3 222.9 101.8 32 0.4 
102189 18.4 305.7 209.3 101.7 77 0.23 
52588 17.6 316.1 479.2 101.5 75 0.43 
52388 17.4 385.4 514.4 101.1 80 0.43 
82090 20.7 426.4 648 101.3 65 0.76 
50789 17.9 431.9 614.5 101.6 75 0.57 
103087 18.3 252.4 305.5 101.4 72 0.28 
71587 18.5 359 318.1 101.1 80 0.3 
70890 18.9 378.1 523.7 101.3 72 0.53 
91989 17.7 381.3 348.2 101.1 72 0.39 
122489 15.9 227.8 211 101.9 34 0.38 
41087 16.3 356.7 609.7 101.5 74 0.5 
81888 18.7 327.1 435.2 101 80 0.37 
121487 8.1 213.6 197.2 102.2 26 0.33 
71889 20.3 388.1 686.3 101.4 71 0.71 
111189 17.5 277.4 350.4 101.2 73 0.29 
50390 17 372.2 688.6 101.4 66 0.67 
82389 20.6 418.6 598 101.4 68 0.68 
120890 15.9 240.1 246.6 101.7 24 0.46 
83087 20.4 444.6 552.5 101.6 76 0.55 
82490 20.8 426.8 376.7 101.4 69 0.51 
52188 18.8 355.3 642.5 101.3 75 0.57 
60290 19.9 363.5 690.5 101.4 59 0.77 
90689 20.7 409.5 604.6 101 77 0.57 
42987 16.5 362.6 274.4 101.4 77 0.28 
91487 19.5 373.5 585.4 101.6 69 0.59 
111287 18.3 216.4 362.8 101.7 51 0.39 
101789 17.6 343.9 397.2 101.3 83 0.3 
100689 20.7 426.4 395 101.6 70 0.49 
100289 19.7 481.5 427 101.3 61 0.59 
112488 13.5 283.8 168.2 101.4 73 0.19 
72889 21.9 358.1 684.7 101.2 73 0.7 
32790 14.6 420.9 284.5 101.6 63 0.38 
60390 21.3 346.7 693.6 101.3 58 0.78 
20387 13.8 306.1 227.9 101.3 77 0.18 
111687 15.3 277.9 305 101.7 65 0.29 
101187 20.1 298.4 162.3 101.7 83 0.18 
80289 21.1 377.2 654.8 101.1 71 0.68 
102789 16.7 269.7 400.6 101.7 54 0.4 
71988 21.3 369 659.6 101.3 69 0.7 
20487 14.7 384.5 384.6 101.6 75 0.32 
72288 23.7 415 654.8 101.4 70 0.74 
120390 16.1 244.2 302.5 102.1 26 0.51 
50190 16 389.5 646.5 101.1 62 0.64 
122387 12.1 582.2 307.1 101.5 44 0.57 
62387 17.3 396.3 327.1 101.2 81 0.3 
52790 17.4 385.8 473.2 101.2 65 0.51 
42990 16.9 599.9 290.5 101 73 0.42 
50688 14.5 573.1 638.9 102.1 56 0.73 
80688 21 405.4 631.6 101.3 69 0.69 
102989 17.7 304.3 398.7 101.7 34 0.59 
22988 15.9 539.8 289.2 101.9 76 0.29 
121389 12.7 265.6 172.1 101.6 31 0.38 
100389 18.9 399.1 467 101.3 56 0.6 
102787 21.8 332.5 275.2 101.4 67 0.41 
121290 15.5 303.4 180.8 101.5 70 0.25 
112990 15.1 272.4 313.2 102 30 0.52 
81988 19.1 371.7 365.6 100.9 80 0.34 
11988 11.4 329.4 344 101.8 51 0.4 
31487 14.9 495.2 404 101.4 69 0.43 
71088 18.8 373.5 477.5 101.1 75 0.45 
22787 12.1 291.5 460.3 101.9 61 0.39 
100187 22.4 385.8 502.1 101 69 0.53 
42689 15.2 487 617.2 101.9 61 0.65 
62289 18.4 389 669.6 100.8 74 0.62 
33190 14.6 327.5 378.9 101.4 70 0.34 
120290 15.2 237.8 323.5 101.9 38 0.43 
22790 14 303.4 464.8 101.9 71 0.36 
110990 19.5 289.3 362.8 101.7 38 0.58 
111290 20.6 282.4 305 101.7 35 0.53 
91987 20.2 419.1 508.2 101.3 74 0.5 
52087 17.2 469.2 476.8 101.3 53 0.63 
80189 21 368.5 664.7 101.1 70 0.69 
22489 18.4 282.9 360.3 101.7 48 0.49 
50487 20.4 345.8 707.9 101.2 56 0.78 
31389 14.4 335.3 466 101.8 79 0.34 
20188 13.6 414.1 289.5 101.4 67 0.32 
20389 12.8 399.5 300.7 102.2 67 0.29 
60588 16.2 477.4 534 101.3 61 0.61 
80689 22.9 410 641.1 101.4 69 0.74 
70587 17.8 373.5 601.2 101.3 71 0.58 
72790 21.7 362.6 685.1 101.4 68 0.74 
82689 20 390.4 492.8 101.1 68 0.56 
122688 9.3 277 275.8 102 60 0.26 
30389 11.9 594.9 348.1 101 58 0.45 
72687 19.2 320.2 595.5 100.9 75 0.53 
10788 11.3 281.5 218.8 102 78 0.14 
61889 19.2 358.1 618.9 101.1 76 0.56 
30889 13.9 402.2 434.3 101.4 82 0.28 
110689 17.5 371.7 310.1 101.6 61 0.4 
82590 21.1 369 576.5 101.5 65 0.68 
22188 15.5 301.6 394.9 101.8 39 0.49 
112087 17.4 256.5 330.3 101.8 30 0.49 
21290 14.7 340.7 316.1 101.4 71 0.29 
92887 19.9 381.7 518.6 101.4 77 0.48 
100887 19.4 357.1 409.7 101.3 71 0.44 
10987 12.5 334.8 269.1 102.3 47 0.36 
51190 16.7 443.7 437.5 101.3 64 0.52 
71289 20.8 516.6 628.5 101.6 74 0.68 
63087 18.6 440.5 581.7 101.4 63 0.67 
22788 17.9 544.4 292.1 101.7 68 0.39 
92288 18.5 297 537.9 101.6 65 0.53 
21689 11.2 327.5 414.2 102.4 70 0.29 
112487 15.6 260.6 338.1 101.8 59 0.31 
61089 16.7 395.9 311.8 101.4 78 0.3 
33189 18.8 326.2 577.7 101.4 58 0.6 
12989 11.2 274.7 357.6 101.8 75 0.22 
31588 14.1 399.5 389.9 101.4 57 0.44 
61788 17.4 379 375.9 101.1 70 0.4 
122788 9.1 221.4 295.8 102.5 47 0.27 
120788 16.6 359.9 286.9 100.9 60 0.5 
91090 23.8 463.3 581.9 101 69 0.73 
21687 14.3 442.8 424.4 101.6 55 0.5 
91288 20.2 342.6 485.1 101.3 61 0.58 
52089 17.9 445.5 660.4 101.6 74 0.62 
32289 16 293.4 560.4 101.3 53 0.55 
82189 20.4 376.3 553.6 101.2 59 0.68 
121690 13.2 461 226.1 101.4 52 0.4 
10287 15 350.8 290.4 101.8 69 0.27 
91888 19 313 447.1 101.1 69 0.44 
71989 21 345.3 622 101.1 73 0.61 
110489 16.6 329.4 395.4 101.3 55 0.46 
31990 14.6 349.4 440.6 101.7 76 0.31 
20990 12.2 272.9 402 102.3 53 0.39 
61887 18 384.9 692.8 101.6 68 0.69 
92188 19 342.1 497.7 101.5 57 0.59 
52690 17.3 374.5 654.6 101.5 63 0.67 
101887 18.2 345.3 163.6 101.7 90 0.18 
52889 16.9 406.3 560.2 101.4 68 0.57 
102088 18.7 327.5 158.2 101.1 87 0.17 
81490 20.6 338.5 303.7 101.3 81 0.3 
52490 17.9 416.4 623.3 101.2 66 0.62 
121688 13.3 372.6 93.9 102 95 0.07 
83090 21 375.4 567.8 101.2 76 0.55 
31087 14.2 343 350.4 101.9 75 0.27 
22390 17.8 224.6 413.7 102 33 0.54 
80590 21.7 369 586.7 101.3 75 0.6 
80589 22.7 395.9 616.5 101.4 68 0.7 
13190 13.2 389 321.3 100.8 62 0.35 
62388 18.3 331.2 567.3 101.2 74 0.52 
101687 19.2 360.3 313.3 101.6 74 0.33 
51490 17.1 405.9 392.7 101.3 63 0.48 
41887 15.5 474.2 407 101.1 67 0.46 
110388 17.7 319.8 291.3 101.5 71 0.3 
72987 20.3 379 619.3 100.9 73 0.62 
10388 13.1 169 136.8 102 46 0.26 
12287 12.1 346.2 263.6 101.7 50 0.33 
101290 19.2 354 463 101.3 71 0.42 
112887 14 291.1 283.9 101.1 57 0.34 
91687 19.7 343.9 467 101.1 71 0.47 
120189 14.1 266 328.1 102.1 30 0.48 
91189 19.4 364 424.8 100.9 70 0.46 
40289 16.8 343.9 571.6 101.6 66 0.52 
61390 17.7 613.6 400 101.2 69 0.54 
111388 16.6 291.5 301.1 101.6 76 0.27 
61187 16.8 346.7 336.7 101.2 79 0.3 
42488 15.2 407.3 637.6 102 61 0.6 
102187 19.7 239.6 302 101.5 70 0.3 
80388 21.9 477 602.9 101.5 70 0.71 
110188 17.6 381.3 161 101.7 83 0.18 
73189 21.3 378.1 658.8 101.1 70 0.69 
120488 15 220 286.1 102.2 31 0.41 
82790 21.5 479.2 644.3 101.5 64 0.8 
42687 16.4 307 313.6 101.7 76 0.3 
52288 19.2 345.3 525.6 101.1 77 0.46 
102687 22.3 246.9 310.3 101.5 53 0.44 
100387 25.8 330.3 502.8 101.3 47 0.73 
62187 18 394.5 531.6 101.1 70 0.54 
42288 15.2 400.4 520.3 101.4 69 0.47 
11989 16.6 262.8 315.9 101.6 27 0.53 
71087 18.4 390.9 444.3 101.2 73 0.45 
10490 11.9 276.1 315.3 102.3 39 0.38 
92888 18.9 300.7 524.5 101.3 80 0.39 
61989 21.4 433.2 551.1 101 70 0.63 
112987 15.1 364 290.8 101.6 63 0.35 
71790 23.1 466.5 695.2 101.4 72 0.8 
41789 17.5 458.7 485.8 101.6 66 0.55 
82690 21 453.7 628.5 101.6 61 0.77 
80287 23 356.7 569.6 100.9 71 0.61 
100190 20.7 377.6 304.4 101.4 75 0.36 
91788 18.8 317.1 302.7 101 74 0.32 
70488 18.7 384.5 663.6 101.1 69 0.66 
43090 14.8 492.4 347.9 101.1 55 0.5 
50888 15.5 509.8 660.6 101.9 66 0.64 
50790 17.4 415.9 480.2 101 77 0.42 
52488 17.1 397.2 546.9 101.3 71 0.52 
120787 15.6 392.2 249.7 102 75 0.27 
60589 17.8 401.8 680.9 101.6 60 0.75 
112689 15.8 348 134.7 101.7 83 0.21 
71389 19.9 471.9 648.8 101.4 76 0.63 
31890 14.9 340.7 538.4 101.5 64 0.44 
41990 16.8 430.5 316.8 101.6 74 0.36 
51790 17.6 357.6 604.6 101.5 64 0.63 
21389 10.1 371.7 271.2 101.6 68 0.24 
112790 13.4 315.2 325.5 101.8 46 0.4 
22589 18.6 303.4 368.6 101.9 37 0.53 
50488 16.1 410.9 613.2 101.3 72 0.56 
71987 19.3 369 710.4 101.2 68 0.71 
60489 17.3 445.5 491.9 101.3 64 0.56 
120387 14.7 263.8 264.5 101.8 76 0.18 
72088 21.9 390.4 562.4 101.5 73 0.6 
11188 13.9 262.8 237 101.6 80 0.2 
122989 13.3 232.3 223.7 101.1 65 0.25 
22890 13.6 388.6 388.1 102 74 0.36 
41987 16.5 405.9 636.1 101.4 59 0.68 
21590 8.5 332.5 427.1 102 29 0.48 
60288 19.3 379.9 696.8 101.3 68 0.68 
42789 15.6 415 684.5 101.6 62 0.66 
62788 18.3 438.7 603.8 100.9 83 0.49 
100889 19 315.7 434 101.5 74 0.37 
121390 14.6 282.4 191.4 101.7 57 0.3 
32290 14.6 335.7 477.5 101.5 78 0.33 
122590 10.1 211.4 235.4 101.8 39 0.32 
91887 20 441.9 552.8 101.4 72 0.56 
12787 15.7 254.2 177.7 101.6 57 0.28 
62889 19.6 550.3 684.9 101.5 71 0.76 
10688 13 291.1 286.5 101.9 72 0.22 
12087 13 486.1 349.6 102.1 20 0.72 
70688 20.4 338.5 697.8 101.1 72 0.67 
61087 17 332.5 328.4 101.1 81 0.28 
82088 19.2 361.7 319.7 100.7 78 0.33 
82388 21.2 381.3 380.3 101.2 74 0.42 
22887 12.3 328 413.1 101.9 61 0.35 
30188 14.4 424.1 272.6 101.7 81 0.21 
101388 18.1 329.4 326.6 101.8 72 0.34 
20489 12.5 622.3 161 101.7 90 0.19 
52990 16.8 404.1 605.2 101.5 67 0.61 
102490 20.7 308.4 418.4 101.4 39 0.62 
61188 16.7 426.4 607.7 101.6 68 0.59 
21487 16.1 329.4 381.5 101.7 74 0.3 
62988 19.1 378.1 493.8 101 80 0.44 
122088 13.3 284.7 245.2 102 68 0.22 
101288 18.9 308.4 431.4 101.6 76 0.38 
61589 17.7 365.8 338.5 101.3 81 0.29 
82390 20.8 370.4 606 101.1 67 0.67 
90487 21.3 333.9 576.4 101.2 70 0.6 
12988 14.1 295.6 303.9 101.8 73 0.28 
20288 11.8 408.6 93.9 101.1 93 0.08 
41089 17.6 370.8 543.4 101.3 69 0.53 
101990 19.6 435 288 101.1 69 0.38 
22290 15.6 240.5 355.5 101.9 41 0.42 
72588 22.3 428.7 670 101.5 78 0.69 
80389 21.5 369 652.6 101.2 70 0.7 
81588 20.1 348.9 647.1 101 73 0.61 
101190 19.4 296.1 472.3 101.3 58 0.55 
12990 13.4 244.6 356.6 101.4 41 0.4 
62489 19.3 409.1 460.1 101.4 63 0.56 
32990 14 312 342.4 101.4 70 0.3 
41487 20 407.3 607.2 101.4 43 0.78 
33090 14.1 337.6 298.7 101.3 68 0.31 
42089 17.7 361.2 511.1 101.3 72 0.47 
100787 20.5 440.5 421.3 101.4 76 0.44 
120188 16.8 223.2 300.3 101.9 27 0.5 
102688 17.8 384 334.6 101.3 70 0.38 
121388 13.4 230 303.1 101.6 62 0.24 
21788 15.1 524.3 447.5 101.8 20 0.76 
31689 14.2 399.5 349.7 101.7 70 0.34 
70489 21.9 435.5 728.7 101 66 0.82 
83187 21.4 504.7 519.2 101.5 74 0.59 
103089 18.2 331.2 284.9 101.6 21 0.68 
31589 14.1 377.6 479.2 101.4 77 0.35 
31888 16.5 281.5 571.1 102.2 42 0.65 
123188 10.7 228.9 184.8 101.6 60 0.22 
42289 17 462.4 555.7 101.3 63 0.62 
51087 17.5 337.1 348.1 101.1 83 0.28 
60688 15.9 500.2 632.2 101.7 57 0.71 
51289 16.4 462.8 545.6 101.5 62 0.61 
60387 18.4 449.2 629.7 101.4 77 0.59 
42087 19.1 364 682.2 101.6 40 0.88 
50387 18.6 403.6 695.6 101.3 60 0.74 
92487 20.3 328.4 322.2 101.5 81 0.3 
73090 22.7 456.5 649.6 101.3 70 0.74 
120589 14.5 300.7 316.2 101.4 44 0.38 
40188 18.2 326.6 587.3 101.6 26 0.81 
111590 16.8 310.7 338.1 101.7 66 0.29 
61090 20.2 353 388.3 101.4 86 0.32 
40189 17.3 358.5 574.3 101.5 68 0.54 
41589 17.2 460.1 451.8 101.4 73 0.45 
20688 15.9 295.2 404.4 101.9 33 0.6 
20788 14.7 206.8 400.9 102 30 0.49 
83089 19.9 323.9 585.3 100.9 70 0.57 
30688 14.5 342.1 332.2 101.7 77 0.28 
32389 14.6 441 391.6 101.5 71 0.38 
53188 17.8 384 688.6 101.5 55 0.74 
60687 18.1 506.6 361.8 101.3 79 0.38 
30488 14.7 395.9 337.5 101.9 74 0.3 
72689 20.5 341.2 626.9 101.2 74 0.61 
60888 17 425 681.6 101.6 59 0.72 
122789 16.2 253.3 204.8 101.8 77 0.24 
60388 20 315.2 700.5 101.2 67 0.69 
110987 18 329.8 342 101.8 75 0.3 
110389 17.1 301.1 407.6 101.3 25 0.65 
82488 23.1 331.6 538.6 101.3 67 0.61 
81088 20.5 395 650.6 101 68 0.7 
112989 14.1 328.4 318.5 101.9 27 0.55 
70189 19.4 355.3 658.4 101.3 71 0.63 
61290 18.1 417.7 634.7 101.4 72 0.63 
10487 13.5 595.4 97.5 101 87 0.16 
110487 16.2 343 230.3 101.2 70 0.25 
40690 15.9 446 283.7 101.6 79 0.28 
52290 19.9 454.2 642.4 101.4 68 0.72 
90390 21.6 363.1 554.8 101.1 74 0.57 
72189 21.4 363.5 486.8 101.1 79 0.46 
33089 16.9 374 561.5 101.7 73 0.49 
82288 20.6 470.6 563 101.2 71 0.62 
21589 11.3 357.1 416.5 102.5 66 0.32 
80188 21.6 367.6 380.2 101.3 78 0.42 
82289 20.4 436.4 604.1 101.4 68 0.68 
81889 20.9 374 626.2 101.4 65 0.72 
41588 13.7 500.6 372.4 101.2 64 0.42 
30390 15.3 368.5 378 101.8 70 0.41 
11490 14.5 359.9 224.9 101.7 79 0.2 
71787 17.8 401.8 263 101.3 84 0.25 
81688 20.1 333.9 608.2 101 71 0.59 
120190 13.9 246.9 309.3 101.7 48 0.32 
81289 22.5 433.2 655.1 101.3 75 0.7 
60790 19.4 364 520 101.1 76 0.47 
63089 19.6 405 722.1 101.4 71 0.73 
22387 11.2 579.9 207.9 100.5 68 0.31 
121090 14.9 190 300.3 101.7 28 0.41 
90890 24.1 307.5 591.1 101 65 0.67 
102590 19.9 306.1 403.1 101.5 54 0.5 
52390 18.4 482.9 433 101.1 75 0.46 
22189 16.9 367.6 416.9 102.1 39 0.56 
82587 19.2 368.1 609 101.5 61 0.68 
111190 20.6 194.1 321 101.7 30 0.54 
111588 13.7 277 327.7 102.1 65 0.29 
81089 22.1 385.4 512.4 101.4 76 0.54 
21187 16.3 358.1 293.2 101.9 80 0.24 
122689 16.1 136.7 133.3 101.8 58 0.19 
11590 12.7 304.8 125.7 101.7 78 0.16 
81287 21.3 470.6 606.7 101.3 71 0.68 
111688 14.2 266.9 350.5 101.9 57 0.31 
110789 17.2 347.1 335.9 101.4 65 0.38 
81488 20.7 402.7 666.8 101.2 73 0.67 
22488 14.2 390.9 400.4 101.8 76 0.3 
71388 19.6 355.3 584.1 101.4 72 0.58 
71288 20.2 362.6 681.8 101.5 69 0.7 
30187 12.6 316.1 440.9 101.6 73 0.32 
51390 17.3 436.4 550 101.3 64 0.61 
30287 13.6 315.2 417.2 101.8 63 0.35 
91688 19.7 309.8 463.7 101.2 69 0.47 
32588 23.7 326.6 560.1 101.4 22 0.97 
112890 14.9 298.8 334.7 102.1 35 0.51 
21789 12.3 318 413.4 102.1 65 0.31 
70389 20 358.1 699.5 101.2 74 0.67 
92189 22.1 343.5 562 100.8 54 0.68 
30689 15.8 350.8 499.8 101.4 49 0.53 
73087 20.8 364 650.6 100.8 70 0.66 
91387 19.1 441.9 526.7 101.4 63 0.61 
20689 8.7 413.2 321.2 102 19 0.53 
112889 14.7 282.4 320.4 101.9 20 0.56 
42888 16.8 411.8 454.9 101.6 59 0.54 
21287 15.9 448.7 263.3 102.1 78 0.26 
21390 13.4 554.4 208 101.3 63 0.41 
81290 22.5 399.5 590.8 101.3 77 0.62 
102288 18 300.2 195.2 101.3 86 0.15 
121087 16 200 284.2 101.8 61 0.25 
81687 20.2 436 593.7 101.5 67 0.67 
122287 12.8 387.2 275.1 101.6 69 0.27 
70990 20.8 472.9 629.8 101.3 69 0.71 
72789 21.3 380.4 623 101.3 73 0.64 
120990 15.2 184 307.3 101.8 31 0.4 
112189 17.7 280.2 324.2 101.7 63 0.34 
82187 20.3 388.1 637.9 101.5 69 0.66 
122389 16.5 261 253.1 102.1 27 0.5 
122188 13 432.8 272.1 101.9 68 0.3 
82890 22.9 405.4 639.9 101.4 64 0.78 
121689 13.5 257.4 168.3 101.2 71 0.21 
102887 20.6 366.3 269.8 101.6 73 0.3 
40287 14.9 395.9 444.7 101.6 70 0.43 
62989 19.1 531.2 698.2 101.7 68 0.77 
40988 17.7 338.9 545.6 101.4 78 0.45 
62688 20.2 425.5 726.3 101.1 70 0.75 
80989 21.4 356.7 477 101.1 77 0.48 
71488 19.7 365.8 600.1 101.3 71 0.61 
100590 20.7 444.2 456.5 101.4 78 0.44 
101387 19.1 297 365.3 101.3 71 0.35 
111690 16.9 283.8 232.9 101.8 79 0.19 
112290 15.7 252.4 335.2 101.9 51 0.38 
110287 17.3 461.5 197.3 101.6 66 0.36 
52190 18.4 395.4 592.7 101.6 69 0.6 
61489 17.9 370.8 593.8 101 79 0.49 
11189 13.7 385.8 308.9 102 49 0.45 
10187 13.5 245.5 215.6 101.8 64 0.21 
92988 18.9 284.7 477 101.2 79 0.35 
12987 13.8 291.5 325.3 101.7 71 0.26 
80387 22.5 357.1 618.5 101 72 0.65 
30787 14.7 374 259 101.6 86 0.18 
110989 17.5 304.8 374.5 101.5 36 0.52 
102289 20.2 327.1 263.3 101.9 75 0.28 
121488 13.2 364 185.7 101.6 76 0.2 
121490 13.3 242.8 221.7 101.6 64 0.23 
22287 11.7 347.6 314.7 101.2 72 0.27 
120690 15.8 251.5 311.4 101.9 40 0.46 
60890 20.1 331.6 504.6 101 79 0.47 
71788 21 333.5 574.1 101.4 80 0.52 
32190 18.2 262.8 542.7 101.5 50 0.53 
70190 21.5 406.8 704 101.2 75 0.72 
81487 18.1 384.9 292.7 101.1 75 0.33 
12789 12.3 348 321.8 102.1 66 0.33 
70988 19.5 359.9 617 101.1 75 0.58 
21588 15.4 263.3 411.6 101.4 48 0.4 
30587 17.7 451.4 214.4 101.5 52 0.48 
40590 17.2 399.1 418.1 101.5 77 0.36 
53089 17.2 404.5 653.7 101.5 64 0.67 
100790 19.8 341.2 319.3 101.3 65 0.41 
100687 19.4 338.9 391.3 101.3 79 0.33 
60187 18.8 389.5 669.1 101.2 72 0.64 
20890 13 343 267.8 101.7 53 0.37 
92388 19 277.4 504 101.4 72 0.46 
90889 19.9 398.6 584.3 101.1 70 0.6 
20587 17 285.2 375.6 101.9 38 0.51 
101390 18.9 324.3 404 101.2 73 0.37 
111887 18.1 346.7 350.7 101.9 58 0.39 
50988 16.8 428.2 703.6 101.7 63 0.71 
111087 19.5 227.8 360.3 101.8 44 0.47 
51888 17.5 376.3 595.1 101 67 0.58 
62689 19.5 502 710.5 101.2 71 0.75 
32088 19.4 175.8 510 101.6 21 0.69 
60787 18.4 387.2 336.8 101.3 76 0.36 
122990 12.2 328.4 147.9 101.5 70 0.2 
90587 20.6 354.4 579.1 101.3 73 0.57 
51287 18.9 401.3 442.8 101 79 0.4 
111090 21.2 233.2 337.5 101.5 28 0.57 
32288 15.7 351.7 506.5 101.8 70 0.42 
122190 9.4 520.7 133.8 101.4 63 0.33 
30788 15.2 372.2 430.9 101.6 66 0.42 
110890 16.9 252.4 381.1 102 32 0.51 
100589 19.6 353 440.2 101.3 74 0.45 
80288 21.5 442.3 516.7 101.3 72 0.59 
122488 11.8 447.8 175.4 101.8 74 0.19 
12189 17.5 275.6 146.1 101.3 32 0.43 
12289 13.8 285.2 313 101.3 61 0.3 
111490 17.1 326.6 298.5 101.4 70 0.28 
32287 12.7 637.3 456.1 101.5 54 0.6 
50890 16.1 393.1 672.7 101.3 66 0.65 
11289 12.5 495.6 327.9 102.5 20 0.68 
41689 17.5 415 408.3 101.4 68 0.46 
10790 12 182.7 279.6 102.5 52 0.26 
120687 14.6 256.5 271 102.1 72 0.23 
80187 22.2 375.4 572.2 101 69 0.61 
113089 14.3 277.4 320.2 102.1 25 0.52 
111389 16.6 300.7 335.1 101.6 68 0.34 
82989 19.4 409.1 487.9 101.1 76 0.47 
61190 19.8 398.1 452.9 101.4 83 0.41 
61389 17.3 383.1 509.1 101.2 79 0.42 
42587 16.5 354 455.6 101.5 73 0.41 
101088 20.4 244.6 491.4 101.1 70 0.47 
111289 17.2 330.3 352.3 101.3 73 0.32 
80789 22.1 465.1 578.2 101.2 74 0.65 
40187 16.9 375.8 585.4 101.6 44 0.72 
21989 13.3 334.4 259.2 101.6 77 0.22 
41787 15.2 319.3 294.7 101.2 75 0.27 
10787 13.3 404.5 246 101.8 69 0.28 
62890 21.1 342.6 728.1 100.7 71 0.75 
41488 15.3 543.9 285 101.2 74 0.32 
111489 16.7 349.9 313.2 101.5 65 0.35 
90388 25.7 356.7 566.6 100.7 58 0.78 
120689 14.7 324.8 318 101.3 36 0.44 
61789 19 343.9 668.4 101.2 73 0.62 
50490 18.6 422.3 665.7 101.4 75 0.63 
30690 12.8 346.2 502.6 101.8 53 0.5 
111990 16.5 462.8 152.8 101.1 72 0.26 
62487 18.4 345.8 578.4 101.4 75 0.52 
11487 13.6 303.8 169.6 101.3 75 0.17 
21387 15.7 406.3 209.2 102 76 0.21 
21090 13.3 293.8 396.3 102.1 48 0.44 
120887 14 270.6 268.2 102 69 0.23 
111089 18.8 307 375.8 101.1 26 0.59 
112387 15.7 277.4 323.3 101.4 72 0.27 
122890 12.6 305.2 277.9 101 55 0.35 
80890 22.6 397.2 452.3 101.3 76 0.5 
72488 22.9 490.6 647.5 101.5 74 0.72 
32490 14.1 301.1 256.8 101.4 78 0.22 
83188 21 400.4 515.9 100.6 80 0.48 
50290 16.1 417.3 582.4 101.3 65 0.57 
81590 21.2 381.7 433.1 101.3 72 0.49 
53189 16.9 380.8 557 101.4 75 0.49 
60189 16.3 390.4 369.3 101.6 75 0.35 
61388 16.8 379 599.5 101.2 76 0.52 
31090 14 433.7 293.9 101.4 61 0.39 
80888 20.8 373.5 594.7 101.3 68 0.64 
41688 15.8 404.5 526.1 101.6 66 0.51 
120288 15.1 217.7 295.5 101.9 28 0.41 
70889 20.4 366.7 632 101.4 73 0.64 
30987 14.8 305.7 253.5 101.7 75 0.22 
61888 17.4 359.9 461.1 101 73 0.44 
51389 16.1 477.4 368.9 101.3 67 0.47 
82089 20.3 408.2 485.5 101.2 63 0.61 
61687 18.6 535.3 717.5 101.4 71 0.76 
41390 16.3 375.4 480.2 101.5 76 0.4 
21889 11.7 348.5 304 101.7 80 0.2 
101188 18.8 299.3 370.2 101.4 85 0.27 
41187 15.5 435 289.8 101.1 73 0.33 
52789 16.7 434.1 542.2 101.4 71 0.53 
82889 19.7 456.5 538 101.3 74 0.55 
12290 13.6 244.6 307.7 101.5 36 0.41 
22888 16.5 379.9 319 101.9 85 0.23 
11887 10.8 348 314.4 102.3 53 0.35 
11287 14.3 266.5 319.3 101.7 36 0.46 
52689 17.4 383.6 718.4 101.2 69 0.68 
50588 14.5 596.8 562 101.8 55 0.69 
40688 19.4 388.1 609.5 101.4 62 0.67 
110288 17.2 343.9 283.4 101.6 72 0.29 
42487 17.5 322.5 631.9 101.4 67 0.58 
60988 17.2 366.7 743.2 101.4 68 0.69 
61088 17.3 379 704.8 101.5 72 0.64 
11390 15.6 493.4 147.7 101.8 85 0.17 
80588 21.1 400.4 462.9 101.2 77 0.48 
12187 11.1 307.5 324.1 102.3 34 0.44 
72487 19.1 444.6 539.6 101.1 71 0.56 
11088 15.4 249.2 270.2 101.9 47 0.33 
82987 19.8 313 414.1 101.5 76 0.39 
90690 24.3 409.5 604 101.4 67 0.73 
122189 12.7 267.9 273.9 102.1 67 0.23 
61688 17.5 512 615.6 101.4 71 0.63 
111889 19.3 314.8 350.6 101.3 42 0.56 
101087 18.9 372.2 419.2 101.5 73 0.4 
42090 16.8 387.2 342.9 101.6 74 0.35 
12690 14.2 215.9 304.6 101.4 36 0.38 
52487 17 495.6 341.2 101.5 66 0.48 
121590 13.1 253.3 216.3 101.3 61 0.25 
100188 18.5 310.7 437.9 101.5 76 0.37 
81188 20.6 380.8 653.1 101.1 64 0.74 
22389 18.4 240.5 383.1 101.6 36 0.55 
12487 13.1 305.2 328.6 101.9 72 0.23 
11090 14.5 233.7 269.8 101.8 79 0.18 
122589 15.3 224.1 198.5 101.9 46 0.29 
111787 16.3 259.2 240.7 101.6 62 0.27 
81587 19.7 432.3 529.5 101.4 64 0.64 
111890 17.4 320.2 313.8 101.4 70 0.32 
100688 18.6 375.8 342.1 101.6 72 0.38 
72287 19.3 441 676 101.5 66 0.73 
121589 14.1 264.7 172.9 101.6 52 0.31 
51589 16 387.2 299.1 101 67 0.38 
111088 16.1 335.3 250.6 101.7 73 0.25 
102290 20.7 227.3 433.7 101.2 23 0.7 
80788 20.9 373.1 678.6 101.3 65 0.75 
12090 12.7 220.9 305 101.8 46 0.32 
51587 17.4 386.8 251 101.4 84 0.23 
112590 15.9 264.2 303.4 101.5 66 0.29 
31188 14 446.9 516.9 101.4 47 0.61 
72390 22 387.2 544.6 101.1 76 0.56 
31189 15.3 483.8 410 102 78 0.34 
101989 16.7 405.4 184.4 101.5 89 0.14 
90389 20 374.5 534 101.2 76 0.49 
62389 17.9 466.9 566.8 101 68 0.62 
61690 18.4 376.3 652.5 101.3 66 0.68 
81689 20.3 405.9 629.8 101 68 0.68 
71687 18 467.8 329 101.1 78 0.35 
32188 16.5 270.1 529.2 101.7 55 0.53 
92090 21 423.2 425.5 100.9 58 0.62 
122787 8.9 251.9 231.5 102.4 50 0.24 
92589 24 385.8 368.7 101 57 0.58 
10687 12.8 380.8 216.6 101.9 67 0.24 
120588 14.6 262.8 299.5 102 44 0.4 
21289 11.2 345.3 297.1 101.8 64 0.29 
22187 13.2 353 467 101.7 41 0.52 
81790 21.5 336.6 494.2 101.2 72 0.53 
32387 12.7 384.9 469.5 101.6 65 0.41 
41889 17.5 411.8 503.4 101.5 72 0.49 
92088 18.6 462.8 295.2 101 69 0.43 
70888 20.1 389 690.2 101.3 74 0.67 
121887 12.3 277.9 302.4 101.1 60 0.27 
61890 18.6 436.9 639.3 101.5 72 0.63 
101488 18.5 283.3 319.5 101.6 68 0.34 
102988 17.4 359.4 281.7 101.7 64 0.35 
122588 11.2 616.8 212.7 101.4 58 0.37 
101689 18.6 383.1 373 101.1 70 0.4 
120187 14.2 288.8 298.7 101.8 68 0.26 
10387 14.3 310.7 242.6 101.8 73 0.21 
52888 17.8 484.2 479.8 101.2 73 0.51 
20388 13.3 266 253.7 101.9 74 0.21 
51889 17.5 393.6 556.6 101.6 68 0.57 
62390 20.1 444.6 666.6 101.1 73 0.68 
80889 20.7 422.3 303.3 101.1 80 0.34 
13087 13.6 376.7 257.8 101.4 67 0.28 
21489 10.3 338 426.5 101.9 63 0.33 
61587 18.6 502.9 717.8 101.5 66 0.79 
60488 17.9 439.6 538.7 101.2 73 0.54 
10988 12.6 275.1 309.1 102.1 73 0.21 
42188 14.2 524.3 326.6 100.5 74 0.32 
91087 21 320.7 424.8 101.3 74 0.43 
82387 19.5 423.2 628.6 101.6 69 0.65 
123088 9.5 96.1 306.5 102.3 42 0.24 
101889 19.4 369 437.2 101.4 63 0.43 
41288 18.4 395 485.7 101.2 71 0.45 
81887 19.7 535.7 473.9 101.5 73 0.55 
100490 22.2 369.4 510.7 101.5 68 0.55 
10888 12.2 263.8 279.8 102.1 70 0.21 
90789 20.2 378.6 577.6 101 71 0.57 
21288 18.7 258.7 418.6 101.6 22 0.67 
22588 16 353.5 369.9 101.5 63 0.39 
81288 20.7 384.5 658.9 101.3 61 0.77 
91089 19.1 385.8 563.5 101.1 69 0.57 
61487 18 481.1 562.9 101.5 68 0.6 
